u,v,w
0,1,241.572
1,521,101.261
1,536,168.251
2,53,378.867
3,530,147.577
4,61,41.434
4,1273,35.381
5,402,147.662
5,591,102.765
6,88,128.470
6,1210,280.941
8,1221,234.440
8,78,77.807
9,1805,108.655
9,1888,269.606
10,399,167.040
11,46,78.688
11,1319,391.061
12,830,84.180
12,829,241.505
13,14,408.009
14,1449,340.058
14,1446,301.377
15,18,240.684
15,16,108.653
16,1636,126.301
17,18,154.668
17,16,143.860
18,1082,33.326
19,607,260.572
19,1230,245.905
19,579,238.005
20,77,180.444
20,609,232.502
21,22,191.099
22,617,202.917
22,23,200.785
23,19,265.109
24,780,129.217
25,21,274.803
26,1227,216.483
27,1634,40.901
27,544,47.949
28,530,107.945
28,1272,250.039
29,414,153.726
30,34,58.612
31,831,109.863
32,56,71.184
32,829,41.948
33,13,99.555
33,230,216.768
34,731,72.969
34,1031,149.499
35,36,18.359
36,728,34.813
36,726,422.927
37,1313,170.749
38,30,174.594
38,731,299.956
39,1167,17.583
39,1316,54.654
40,510,90.910
41,42,116.797
41,790,572.671
42,725,285.129
43,10,113.477
43,864,231.834
44,45,120.120
44,587,142.104
45,1709,310.045
46,855,163.062
47,844,32.756
47,52,89.863
48,465,17.125
48,1169,34.376
49,1686,69.200
49,593,203.423
50,863,53.378
50,49,87.858
51,1169,17.860
51,465,35.815
52,589,69.883
53,54,124.344
53,776,439.534
54,228,102.974
55,1236,200.190
56,1359,56.648
56,745,51.510
57,1699,20.014
57,1274,21.257
58,3,128.614
58,1149,94.695
59,1328,21.823
59,1534,39.159
60,12,109.660
60,524,31.318
61,62,144.976
61,865,446.895
62,592,85.740
63,64,120.218
63,1684,214.182
64,1324,257.780
65,865,40.525
65,591,219.292
66,595,24.930
67,1457,30.938
67,1012,29.382
68,1210,36.615
68,1212,54.596
69,645,64.623
70,982,84.648
70,71,61.503
71,985,42.509
72,1216,45.960
72,1217,50.775
73,1616,130.354
74,122,78.368
74,661,230.257
75,1220,32.753
75,137,65.092
76,7,97.361
77,578,674.476
78,900,50.401
79,551,135.633
79,80,160.776
80,81,172.384
81,82,102.175
81,1214,277.239
82,83,157.488
83,1214,34.232
83,1213,46.764
84,610,388.959
85,1215,29.205
85,84,53.533
86,6,502.699
87,1352,135.256
87,1215,268.782
88,68,128.755
89,87,515.142
90,89,101.954
90,1352,747.841
91,90,99.292
92,93,101.326
92,1211,284.668
93,705,67.836
94,95,100.143
94,1620,91.716
95,767,403.414
96,646,28.281
97,98,92.483
97,923,105.306
98,92,385.064
99,954,40.144
99,100,43.698
100,955,5.735
100,466,22.491
101,97,78.284
102,1187,32.778
102,101,58.523
103,104,74.333
103,1187,228.317
104,102,132.974
105,106,414.312
106,71,106.904
106,1216,277.724
107,108,76.224
107,1261,180.537
108,103,699.053
109,107,76.437
110,111,56.851
110,109,100.102
111,1240,4.193
111,467,25.449
112,1217,20.768
112,1617,85.985
113,114,74.603
113,111,219.510
114,110,96.723
115,123,589.383
116,1363,18.467
116,115,76.378
117,124,159.127
118,1218,25.063
118,117,58.303
119,74,97.199
120,1702,104.039
120,1218,241.086
121,1702,23.860
122,772,279.672
123,73,78.397
123,964,234.548
124,920,56.703
124,918,12.310
125,113,576.929
126,1219,32.061
126,1715,54.842
127,128,102.723
128,662,365.703
128,129,105.078
129,120,228.666
130,126,142.933
131,132,77.551
131,134,334.782
132,133,185.021
133,134,77.671
133,1220,236.119
134,583,84.717
135,667,51.971
135,901,41.470
136,1221,24.856
136,135,41.866
137,76,69.648
138,139,79.271
138,1805,280.783
139,9,96.331
140,165,130.424
140,166,208.547
141,1417,116.554
141,165,94.466
142,15,160.236
143,144,33.131
144,145,79.629
145,502,36.390
146,202,113.590
146,537,196.893
147,1428,73.396
147,1631,54.656
148,1341,63.690
149,961,54.130
150,298,67.270
150,295,95.068
151,1147,117.214
152,153,78.725
152,736,250.717
153,737,29.358
153,746,166.524
154,156,68.796
154,1193,41.784
155,735,70.525
155,1687,94.600
155,528,44.142
156,1580,29.700
157,156,30.523
157,1489,17.170
158,427,98.834
159,160,92.414
159,1417,9.257
160,161,183.152
160,159,92.414
160,164,93.632
160,1409,94.838
161,160,183.152
161,162,92.125
161,1202,97.530
162,164,183.679
162,161,92.125
162,163,129.096
162,170,107.784
163,162,129.096
163,1196,69.712
164,165,216.953
164,162,183.679
164,160,93.632
164,167,128.624
165,164,216.953
165,141,94.466
165,140,130.424
166,1462,91.267
166,1773,32.762
167,178,61.718
167,164,128.624
168,169,83.830
168,1405,15.655
169,394,466.901
169,1405,153.177
170,1418,16.609
170,162,107.784
170,171,137.762
171,163,141.489
172,171,34.988
172,1418,141.584
173,1279,138.712
173,1381,167.613
174,184,6725.978
174,1281,112.746
175,176,854.970
176,1694,89.451
176,1199,258.211
177,178,81.485
177,1197,180.015
178,140,156.594
179,180,85.649
179,1195,183.183
180,172,80.786
181,182,72.938
181,826,190.805
182,1423,266.013
184,183,829.407
184,174,6725.978
185,1893,10.196
185,186,243.318
185,733,263.490
186,187,153.991
186,373,118.271
186,185,243.318
187,186,153.991
187,382,218.889
187,1490,117.816
188,746,22.594
188,1733,136.691
189,748,11.732
189,412,59.229
190,1147,75.887
190,191,668.067
191,1661,9.102
192,300,74.051
193,423,28.002
193,355,48.423
194,336,182.751
194,222,137.932
195,1200,33.212
195,323,444.768
196,1408,138.872
196,1258,90.652
197,1650,158.206
197,198,32.571
198,338,38.272
199,205,29.987
199,328,141.525
200,342,60.362
201,208,22.259
203,356,41.163
204,203,14.269
204,216,356.382
205,204,42.057
206,1201,20.509
206,195,26.390
207,318,25.612
208,207,12.780
208,1421,227.325
209,301,186.778
209,211,59.272
210,211,167.852
210,301,139.945
211,210,167.852
211,426,93.856
212,398,211.653
212,543,119.897
213,218,88.880
213,219,79.191
214,534,121.231
215,334,84.398
215,531,251.457
216,217,13.785
216,321,291.199
217,203,356.079
217,215,88.761
218,320,36.981
218,213,88.880
219,213,79.191
219,429,50.422
220,313,87.984
221,330,90.690
221,220,12.546
222,221,56.708
223,224,12.329
223,1647,224.728
223,1189,64.823
224,327,86.284
224,223,12.329
224,1108,140.499
225,326,89.190
225,312,89.549
226,323,54.509
226,324,90.877
227,1190,134.701
228,1354,464.475
228,776,219.427
229,1633,38.127
230,231,544.795
230,27,121.061
231,1270,8.066
231,1593,101.588
232,273,84.885
232,747,77.477
233,1388,36.184
233,605,315.042
233,606,212.187
234,1386,23.573
234,845,21.065
234,605,63.530
235,480,40.718
235,482,78.754
235,483,7.772
236,1849,260.965
236,482,280.262
236,852,22.474
237,1851,360.251
237,1091,54.575
238,1308,8.176
238,791,51.902
239,240,236.670
239,1184,73.518
240,722,66.307
240,724,70.290
241,242,89.105
242,270,50.783
242,265,259.260
243,244,54.246
243,248,280.430
244,245,56.616
244,266,179.003
245,433,30.801
245,247,121.685
246,26,405.876
247,268,145.503
248,262,84.654
248,881,149.373
248,882,95.877
249,261,76.359
249,861,76.365
250,251,60.914
251,258,79.685
252,872,187.933
252,250,80.822
253,684,17.747
254,255,68.737
254,256,57.639
255,440,20.169
256,257,58.159
256,255,65.749
257,439,47.047
258,1345,37.072
258,256,67.384
258,257,56.272
259,250,86.670
259,260,332.870
260,861,85.802
260,261,79.484
261,878,134.313
262,263,68.487
263,244,182.322
263,264,154.264
264,245,40.921
264,246,80.943
265,435,34.283
265,267,101.499
266,267,26.919
266,435,63.751
267,243,105.208
268,266,61.225
268,435,96.652
269,272,51.985
269,270,49.665
270,789,122.753
271,732,53.839
271,1184,32.751
273,1582,272.626
273,1404,293.903
273,232,84.885
274,364,82.738
274,372,109.060
274,362,90.884
275,365,91.987
275,420,145.001
276,893,35.278
277,278,83.759
277,305,75.479
278,279,84.727
278,277,83.759
278,282,183.135
279,280,87.220
279,278,84.727
279,283,211.409
280,279,87.220
280,422,124.083
280,1713,108.747
281,1713,5.256
282,278,183.135
282,283,87.469
282,303,87.753
283,279,211.409
283,285,85.182
283,282,87.469
284,1753,19.416
284,359,9.682
285,422,113.090
285,1753,119.129
285,283,85.182
286,357,120.136
286,151,197.743
287,209,85.999
287,358,9.799
288,1714,82.119
288,289,70.586
288,1376,11.293
289,290,65.879
289,310,55.092
290,1446,245.377
291,292,5.885
292,281,72.233
292,293,10.851
293,294,11.252
294,298,62.526
294,295,14.154
295,296,8.773
296,297,4.269
296,420,84.858
297,291,12.262
297,1719,69.689
298,290,172.233
299,1412,83.581
300,210,90.880
300,426,170.341
301,302,5.955
301,350,90.015
302,303,82.574
302,1666,187.571
303,304,81.547
303,282,87.753
304,277,74.750
304,308,83.391
305,307,83.127
305,306,14.592
306,288,174.657
306,305,14.592
306,1412,104.539
307,345,3.342
308,309,119.106
308,304,83.391
309,354,8.906
309,319,13.329
310,289,55.092
311,312,66.548
311,311,90.634
312,311,66.548
312,226,290.259
313,193,108.667
313,425,191.379
314,353,93.248
314,315,191.960
315,1421,9.534
315,207,229.008
316,425,90.832
316,353,5.200
316,352,4.053
317,197,24.091
318,317,20.711
318,1022,112.822
319,346,248.959
319,353,2.182
319,309,13.329
320,217,291.547
320,321,14.891
321,939,257.411
321,320,14.891
322,321,89.340
322,326,288.260
323,325,259.517
324,322,86.854
324,226,90.877
325,940,144.758
325,196,129.068
326,216,90.100
326,327,281.816
327,328,13.561
327,205,142.324
328,327,13.561
328,223,83.743
329,337,89.532
329,328,171.110
330,198,156.966
330,329,172.624
331,341,11.194
332,333,120.065
332,334,254.716
333,532,67.466
333,335,171.552
334,335,90.993
335,213,151.847
335,333,171.552
336,1647,369.545
337,222,186.092
337,336,102.925
338,329,148.788
338,199,47.078
339,542,86.278
339,214,242.780
340,541,20.069
340,331,39.588
341,332,83.069
341,214,87.917
342,1424,15.334
343,344,2.036
344,306,84.740
344,307,12.597
345,308,127.580
345,346,13.229
346,347,1.953
347,315,86.989
347,348,11.226
348,349,3.529
349,343,10.432
349,519,249.517
350,351,3.873
350,354,6.998
351,350,3.873
351,1255,17.501
351,352,12.687
352,316,4.053
352,351,12.687
353,319,2.182
353,316,5.200
354,302,87.251
354,350,6.998
354,309,8.906
355,1255,189.148
355,192,58.397
356,543,46.462
356,200,59.166
357,287,5.594
358,284,2.111
359,360,6.317
360,361,7.788
360,417,88.125
361,357,15.360
362,1628,50.510
362,368,132.627
362,274,90.884
362,363,172.683
363,418,20.267
363,371,90.268
363,362,172.683
364,371,86.237
364,365,242.208
365,364,242.208
365,1629,97.701
366,942,18.634
366,158,195.462
367,941,18.131
367,1685,12.245
368,158,108.357
369,370,24.704
370,1146,113.688
371,421,165.604
372,948,22.138
372,942,13.913
372,274,109.060
373,1789,7.144
373,186,118.271
374,1789,279.911
374,1659,100.135
375,376,35.229
375,373,46.928
376,375,200.288
377,379,177.913
377,1659,70.768
378,374,60.270
378,379,77.549
379,1485,426.327
380,381,115.477
380,383,73.082
380,390,70.829
381,382,115.649
381,380,115.477
381,387,71.618
381,384,74.107
382,381,115.649
382,385,75.322
382,187,218.889
383,384,117.076
383,393,105.928
383,380,73.082
384,385,114.569
384,383,117.076
384,381,74.107
384,1901,40.439
385,384,114.569
385,382,75.322
385,389,103.527
386,1901,64.103
386,393,117.620
387,388,46.881
387,381,71.618
387,390,115.446
388,387,46.881
388,391,46.763
389,386,113.393
389,385,103.527
390,387,115.446
390,380,70.829
390,1490,257.854
391,1490,57.601
391,388,47.040
392,825,98.141
393,383,105.928
393,827,123.423
394,1697,84.490
394,396,19.263
394,169,466.901
395,1605,183.648
396,394,19.263
396,1607,286.685
397,1695,84.447
397,398,243.003
398,215,89.822
399,1311,8.169
399,1706,28.240
400,867,6.584
400,866,220.268
401,843,19.168
401,400,17.168
402,844,224.655
402,403,34.669
403,590,62.786
404,399,18.895
404,46,144.173
405,41,8.015
406,1676,162.091
406,1336,168.237
407,406,120.379
408,407,141.888
409,342,198.441
409,408,86.105
410,515,170.182
410,409,84.969
411,514,186.506
411,517,90.311
412,1835,386.962
412,738,415.413
413,1585,15.187
413,740,20.847
414,1904,257.681
414,30,214.144
415,1904,292.450
415,1493,778.257
416,1836,346.248
417,960,48.602
417,361,91.220
418,151,117.238
419,421,90.987
419,422,89.143
419,417,257.582
419,1718,180.320
420,296,84.858
420,275,145.001
421,419,90.987
421,275,106.807
422,280,124.083
422,285,113.090
422,419,89.143
423,192,35.601
423,191,40.017
424,574,53.680
424,618,523.470
425,314,7.453
425,1721,101.618
426,286,79.115
427,1143,13.809
427,367,188.618
428,370,24.581
428,1776,26.562
429,431,111.253
429,1298,240.876
430,218,330.366
430,535,117.751
431,1609,5.644
432,440,90.983
432,439,116.523
433,246,27.723
434,438,109.221
434,437,166.994
435,269,187.309
436,433,114.845
436,247,38.912
437,1224,294.053
438,432,372.975
439,259,52.670
440,441,367.995
441,438,96.234
441,437,107.384
442,443,44.730
442,727,30.262
442,1589,7.229
443,727,34.895
443,1852,89.825
444,227,135.520
445,1851,29.443
445,446,23.198
446,445,23.198
446,1849,36.220
446,1850,31.662
447,1032,18.985
447,453,148.261
448,1668,66.600
448,1329,37.616
449,849,15.228
449,1672,103.593
450,723,24.574
450,1326,29.616
451,1395,121.688
451,856,15.713
452,453,19.224
452,1032,140.075
453,485,146.071
454,1686,38.530
454,471,34.526
455,452,21.966
456,460,65.970
456,455,49.915
457,512,70.770
458,459,38.461
458,457,62.283
459,1669,165.357
460,462,219.992
461,454,85.593
461,600,52.985
462,459,78.494
462,457,56.048
463,455,78.522
463,460,37.743
464,1092,19.564
464,1090,93.077
465,842,7.125
465,867,244.882
466,105,412.320
466,69,34.511
467,108,174.479
467,109,33.386
468,98,180.960
468,101,24.272
469,95,212.773
469,1212,21.902
470,89,215.037
470,91,30.743
471,1393,115.156
472,475,13.122
472,474,109.185
473,475,110.143
473,474,13.454
474,473,13.454
474,1384,79.509
475,487,118.213
475,472,13.122
476,602,132.292
477,838,35.646
477,476,38.587
478,479,71.828
478,834,18.683
479,837,24.374
479,1403,19.108
480,1403,166.751
481,482,41.758
481,480,51.193
482,235,78.754
482,236,280.262
483,235,7.772
483,847,533.955
483,845,139.887
484,463,47.345
485,484,18.187
485,1094,99.773
486,487,16.017
486,472,119.430
487,450,96.997
488,538,45.533
488,493,280.147
489,491,13.716
489,1290,20.203
490,488,19.826
491,492,32.962
492,494,89.025
492,490,14.749
493,488,280.147
493,497,106.431
494,501,108.742
494,1785,156.780
495,1674,158.099
495,490,95.112
496,1785,23.046
496,491,173.723
497,1673,41.169
498,1293,230.565
498,1785,5.364
498,500,147.468
499,498,139.362
500,1185,159.153
501,505,115.377
501,499,31.430
502,495,112.974
502,501,13.058
503,537,35.411
504,502,103.168
504,1292,119.456
505,504,13.774
506,1294,12.159
507,508,23.629
508,1675,24.412
508,1297,9.544
509,539,993.945
510,513,153.507
510,511,136.414
511,43,77.781
512,513,120.996
512,511,160.439
513,456,63.153
514,410,82.101
514,212,114.828
515,411,83.660
516,212,139.385
516,1430,22.949
517,339,84.607
518,201,27.712
518,1422,17.381
519,1676,46.061
520,1428,79.107
521,1700,127.070
521,1434,98.848
522,523,88.106
522,830,61.400
523,1583,188.687
523,522,88.106
523,1784,199.790
524,522,102.366
525,416,288.448
525,1045,200.270
526,1335,75.744
527,232,72.441
528,1692,46.015
528,155,44.142
529,539,188.614
530,59,7.245
530,4,140.388
531,331,37.760
531,340,34.503
532,219,100.336
533,1296,16.681
534,532,66.341
534,431,324.691
535,1209,41.896
535,540,62.284
536,1649,66.448
537,1186,78.155
537,146,196.893
538,489,38.367
538,857,18.368
539,0,98.001
540,0,465.667
541,340,20.069
541,1429,32.855
542,541,37.050
542,1429,33.500
543,200,24.427
543,410,193.514
544,54,227.150
545,122,180.712
545,119,17.189
546,129,232.596
546,127,31.145
547,553,70.954
547,640,388.375
548,547,27.825
549,1906,58.765
550,575,59.808
551,998,87.261
551,549,119.784
552,1772,96.073
553,559,18.646
554,558,35.123
555,576,213.135
555,552,60.273
556,554,112.431
556,1739,289.221
557,647,48.991
557,648,11.620
557,1621,142.164
558,550,39.086
558,562,38.040
559,549,54.208
559,998,118.266
560,556,118.732
560,554,63.962
561,565,535.697
562,550,35.396
562,623,402.782
563,965,127.451
563,989,386.199
564,701,10.372
564,1831,56.295
565,561,535.697
565,994,406.601
566,1720,14.464
566,569,208.707
566,567,148.664
567,566,148.664
568,988,33.586
568,620,316.287
569,566,208.707
569,568,42.703
570,703,108.022
571,702,32.912
571,712,446.117
572,702,877.246
573,937,33.344
573,935,31.558
573,1610,353.571
574,1054,408.506
575,552,215.823
575,576,82.051
576,577,4.692
577,1597,52.581
577,1909,294.584
578,579,449.158
578,24,671.302
579,38,315.073
580,1625,16.780
580,1626,13.395
580,581,226.243
581,1012,26.124
581,997,31.434
582,583,74.114
583,75,50.012
583,582,74.114
584,788,304.596
584,1399,27.438
585,1853,210.956
586,42,140.276
586,1709,20.074
587,1347,100.226
587,1237,282.865
588,1705,28.198
588,1314,51.733
589,1710,36.804
589,1315,90.413
590,1608,32.233
590,47,109.455
591,403,75.369
592,1492,17.452
592,1783,42.717
593,598,189.227
593,401,44.188
594,66,81.264
595,597,79.092
595,63,41.835
596,597,89.230
597,1491,24.861
597,595,79.092
597,596,89.230
598,461,81.205
599,598,49.364
599,846,185.344
600,603,83.091
601,602,16.569
602,836,71.041
602,601,16.569
603,604,62.645
603,841,149.923
604,599,81.081
605,1387,16.434
605,234,63.530
605,233,315.042
606,1404,10.682
606,233,212.187
606,1569,28.873
607,29,90.794
607,1099,102.119
608,21,335.577
609,608,36.666
609,951,53.803
610,755,21.476
610,752,59.946
611,612,17.587
612,85,49.633
613,750,235.946
613,614,16.191
613,951,38.823
614,1754,11.455
614,1755,138.270
614,613,16.191
615,1763,138.077
615,750,37.402
615,949,180.570
616,1611,21.771
617,1639,19.545
617,574,89.010
618,749,73.991
618,424,523.470
618,1756,137.767
619,936,298.119
619,754,237.439
619,1635,43.053
620,625,96.222
620,621,30.211
621,563,124.078
622,1722,28.829
622,1903,242.342
623,987,9.367
623,562,402.782
623,624,217.424
624,1041,108.971
624,623,217.424
624,1830,694.295
625,965,25.403
625,999,209.136
626,1029,92.947
626,1829,17.481
626,1646,251.028
627,548,136.077
628,1035,75.495
629,979,15.879
629,1817,8.540
630,1005,58.638
631,1000,66.653
631,1036,154.699
632,983,14.869
633,1744,36.341
633,631,33.039
634,1444,65.195
634,636,26.153
635,1622,5.501
636,638,23.299
636,635,18.003
637,633,59.687
638,643,180.967
639,1623,9.448
639,635,225.468
640,1004,15.230
641,636,20.245
641,638,20.673
642,637,34.123
643,954,53.477
643,642,18.112
644,1444,50.597
644,641,29.843
645,644,39.680
645,1365,224.610
646,99,91.789
646,637,79.441
647,557,48.991
648,557,11.620
648,1512,93.191
649,650,23.133
649,1732,32.881
649,1508,320.340
650,649,23.133
650,1737,107.892
650,651,27.562
651,650,27.562
652,104,245.303
653,1682,83.914
654,925,48.414
655,1818,18.782
655,1834,16.240
656,1844,42.814
656,958,82.719
657,967,24.841
657,970,66.183
658,1364,52.284
658,1351,43.169
659,1616,92.404
660,964,27.006
660,119,57.412
661,130,202.011
661,1712,65.097
662,121,44.050
662,663,47.682
663,121,30.702
663,912,268.741
664,127,101.295
665,664,19.433
665,910,81.647
666,665,79.839
666,1701,50.993
667,138,108.960
668,894,32.365
668,896,67.480
669,905,16.834
669,906,17.196
670,898,28.590
670,1743,479.752
671,672,191.608
671,673,335.329
671,908,469.762
672,909,83.198
672,671,191.608
672,674,530.327
672,906,437.753
673,674,309.897
673,909,84.012
673,671,335.329
674,673,309.897
674,893,508.979
674,672,530.327
675,251,151.593
676,1119,25.641
676,690,25.693
677,675,21.019
677,1477,131.560
678,883,18.091
678,1124,15.686
679,678,105.311
680,679,69.572
680,1127,221.824
681,1127,34.793
681,1480,226.727
682,873,132.958
683,1480,34.025
683,1133,808.198
683,1479,37.870
684,249,121.593
685,1475,9.975
686,1342,207.750
687,688,60.481
687,1343,135.806
688,1346,158.057
688,687,60.481
688,1342,17.016
689,1683,12.671
690,1482,9.177
691,832,48.546
691,1152,100.250
691,833,143.693
691,692,56.412
692,1157,26.432
692,691,56.412
693,777,99.772
693,1884,11.206
694,1886,13.783
694,1887,84.489
694,1048,67.545
695,696,6.787
695,1301,9.897
695,1644,104.497
696,695,6.787
696,1047,74.499
696,1642,40.813
697,1047,15.969
697,1641,35.373
697,698,108.916
698,700,15.035
698,697,108.916
699,1047,12.266
699,1051,12.373
699,1301,81.686
700,1052,14.891
700,699,124.915
701,564,10.372
701,988,539.317
702,571,32.912
702,572,877.246
703,704,24.589
703,707,84.596
704,93,297.266
705,706,15.325
705,715,105.769
706,1361,69.513
707,710,7.281
708,707,15.866
708,704,84.942
709,924,13.656
709,570,89.848
710,709,115.439
710,713,13.583
711,708,7.437
712,713,115.887
712,709,15.343
712,571,446.117
713,714,30.298
714,930,89.631
714,711,15.742
715,716,9.937
716,717,14.796
716,929,174.925
717,933,35.221
718,1369,12.151
719,1613,4.190
720,616,17.825
720,1610,55.628
721,1740,369.267
721,788,211.195
721,722,299.415
722,721,299.415
722,724,47.727
723,404,85.553
723,448,27.586
724,722,47.727
724,241,94.971
725,790,180.018
725,1740,96.290
726,1312,28.427
727,443,34.895
727,444,178.209
728,726,388.603
728,37,122.087
729,730,8.466
729,1518,422.677
730,35,30.170
730,37,190.469
731,1306,8.014
731,1015,65.014
732,35,23.329
733,735,41.436
733,734,39.832
733,185,263.490
734,736,38.340
735,733,41.436
735,734,28.920
735,155,70.525
736,1192,318.207
737,188,115.733
738,742,46.283
739,743,9.405
739,741,152.439
740,1595,34.154
740,1585,19.660
741,413,7.969
741,189,15.666
742,527,38.042
742,152,20.107
743,739,9.405
743,413,156.327
744,739,33.394
744,1733,8.609
745,748,61.488
745,412,22.345
746,744,115.431
747,737,77.500
747,232,77.477
748,1584,16.191
749,1759,156.749
749,754,14.087
749,618,73.991
750,613,235.946
750,615,37.402
750,1883,62.911
751,1748,10.222
752,610,59.946
753,754,19.834
754,753,19.834
754,749,14.087
754,619,237.439
755,1882,14.019
755,1883,25.416
756,759,160.068
757,1177,273.451
757,761,60.419
758,1178,7.609
759,800,855.030
760,758,59.269
761,1168,11.665
761,763,10.721
762,760,14.697
762,1304,13.934
763,1166,2.100
763,1168,10.674
764,79,431.850
765,764,32.899
765,25,71.130
766,470,6.383
766,813,448.844
767,96,87.054
767,100,233.847
768,769,115.329
769,1618,81.036
770,771,107.633
771,1240,377.044
772,130,80.369
772,1219,244.944
773,139,238.992
773,135,16.837
775,1453,141.526
775,55,27.187
776,1332,7.520
776,1355,234.126
777,698,53.121
778,1233,431.663
778,777,99.921
779,782,167.774
780,1228,72.310
780,1226,460.178
781,1154,124.344
781,779,97.595
782,778,423.334
782,783,106.256
783,693,317.558
784,785,82.341
784,1746,14.169
785,787,160.231
786,434,50.419
787,1180,514.792
787,786,102.744
788,721,211.195
788,1399,295.295
789,1667,3.646
789,241,55.143
790,1014,63.909
790,39,8.788
791,10,430.341
791,40,23.754
792,1651,31.173
792,1019,21.419
793,149,32.907
793,1632,26.655
794,1239,33.358
795,794,112.350
796,797,108.001
797,801,759.953
798,795,754.149
799,798,95.865
800,802,100.638
801,803,97.873
802,1241,40.398
803,956,103.843
804,805,106.178
805,1245,462.072
806,955,671.019
807,1350,882.410
808,806,83.557
809,807,93.678
810,812,88.586
811,1244,425.680
812,953,88.795
813,811,124.966
814,816,116.512
815,1366,324.431
816,889,35.327
817,815,117.183
818,820,117.724
819,963,532.864
820,1249,56.990
821,819,115.146
822,774,115.698
823,1254,46.551
824,823,114.454
825,1607,158.931
825,392,98.141
826,377,405.994
827,1590,43.007
827,826,54.502
828,3,222.803
828,57,31.593
829,868,7.531
829,1358,87.671
830,1181,47.606
831,1327,120.393
831,1324,35.681
832,691,48.546
832,1691,13.243
832,1156,62.182
833,691,143.693
833,692,90.757
834,835,44.594
835,477,204.496
835,836,20.425
836,478,45.736
837,481,132.287
838,849,49.659
839,837,13.862
840,52,32.110
840,1307,206.298
841,1385,164.564
842,49,19.428
842,400,246.221
843,1573,109.355
844,48,9.551
844,840,40.760
845,234,21.065
845,483,139.887
846,843,38.910
846,401,31.225
847,851,15.574
847,1398,32.853
847,483,533.955
848,850,41.664
848,1839,82.249
849,847,17.304
850,50,64.463
851,449,17.835
851,1838,11.000
852,236,22.474
853,1390,52.046
853,860,15.501
854,1321,111.871
855,854,19.409
855,853,91.232
856,853,17.897
856,854,91.409
857,538,18.368
858,436,399.912
859,1808,285.970
860,451,17.616
860,1728,23.196
861,252,236.305
862,765,300.023
863,51,7.632
863,842,38.935
864,448,101.534
864,404,49.740
865,1275,8.295
865,5,85.470
866,64,213.174
866,66,35.095
867,1536,106.129
867,1170,21.189
868,1172,17.955
868,1357,81.808
869,1331,24.006
869,55,216.151
870,858,21.077
870,1228,51.746
871,677,44.968
872,874,98.148
872,871,53.317
873,871,60.456
873,874,92.425
874,875,206.686
875,877,128.961
876,875,47.321
876,1110,138.572
877,880,54.821
877,684,140.857
878,262,173.227
878,879,34.003
879,882,49.805
879,253,53.727
880,876,150.538
881,880,24.400
882,253,63.358
882,881,99.986
883,1467,175.439
884,112,7.239
884,115,247.637
885,796,32.912
885,467,4.614
886,86,214.097
886,1213,26.217
887,468,4.689
887,810,673.471
888,77,624.849
888,84,34.116
889,1247,25.095
889,1248,25.292
890,125,266.261
890,117,30.813
891,7,179.424
891,137,23.809
892,1892,14.569
893,276,35.278
893,1373,6.756
893,674,508.979
894,78,141.779
895,896,11.904
895,894,68.237
896,670,22.848
896,895,11.904
897,895,54.777
899,901,16.443
899,667,50.988
900,907,89.699
900,136,92.826
901,902,11.028
902,904,37.486
902,669,49.892
903,899,37.162
904,1826,7.929
904,907,143.695
905,903,24.367
906,905,25.814
906,672,437.753
907,1827,10.326
907,900,89.699
908,671,469.762
909,672,83.198
909,673,84.012
909,1828,9.756
910,915,18.851
910,911,738.863
911,910,738.863
913,910,12.924
913,664,83.497
914,916,66.885
914,913,17.990
915,914,13.465
915,917,612.373
916,914,66.885
917,915,612.373
918,125,76.981
918,114,719.588
919,920,13.942
919,918,57.816
920,919,13.942
920,1814,8.053
921,1681,41.908
921,652,26.047
922,926,47.805
922,1268,388.125
922,653,34.039
923,570,38.819
923,924,93.883
924,925,15.174
925,654,48.414
925,712,13.332
926,653,37.929
926,1614,579.558
927,930,15.694
927,711,91.553
928,927,62.276
929,928,23.339
929,932,18.452
930,927,15.694
930,931,65.028
931,932,18.709
931,928,16.553
932,717,174.201
933,718,13.092
933,1612,106.973
934,935,16.141
935,934,16.141
935,937,48.373
936,1496,12.028
936,1703,3.672
936,619,298.119
937,1502,13.303
937,573,33.344
938,1496,3.847
939,940,86.869
940,324,170.949
941,946,39.216
942,372,13.913
942,366,18.634
942,1880,100.270
943,1102,412.905
944,1045,218.644
944,416,324.922
945,946,12.205
946,948,110.734
946,945,12.205
947,948,18.198
948,947,18.198
948,372,22.138
949,615,180.570
950,951,16.141
950,1495,13.028
950,608,54.775
951,613,38.823
951,950,16.141
952,94,80.024
953,1560,17.250
953,1243,13.724
954,69,33.553
955,957,22.307
955,887,15.815
956,887,21.618
956,957,16.458
957,799,108.500
957,466,5.361
958,1617,6.627
959,962,229.061
960,418,34.973
960,363,31.323
961,420,113.197
961,150,18.379
962,1836,94.955
962,779,468.625
963,1248,23.511
963,1247,25.877
964,889,4.908
964,545,27.034
965,621,81.328
965,563,127.451
965,625,25.403
966,1619,73.537
967,1815,69.434
967,968,108.123
968,969,109.080
969,968,17.553
969,658,62.443
971,1840,24.919
971,972,31.882
972,974,17.842
973,972,15.930
973,1840,10.709
974,656,30.487
975,1619,41.729
975,976,10.467
976,973,108.717
977,976,14.419
978,982,54.096
978,985,96.837
979,1848,27.540
980,629,23.711
980,984,158.506
980,1503,28.224
981,983,58.640
982,980,35.988
983,632,14.869
983,984,2.294
983,981,58.640
984,983,2.294
984,986,74.009
985,72,104.682
986,70,115.126
987,623,9.367
988,568,33.586
988,569,57.875
988,701,539.317
989,622,308.315
990,1043,16.119
990,1803,185.367
991,1033,9.228
992,581,14.914
992,1625,212.742
993,640,23.896
993,553,373.655
994,1831,28.458
994,1832,18.797
995,1042,11.611
995,1007,86.637
996,1002,15.993
996,1625,15.831
996,1040,36.291
997,1003,58.422
997,1009,14.236
998,82,206.786
999,625,209.136
1000,1824,52.479
1000,631,66.653
1000,628,30.218
1001,1029,55.840
1001,1007,13.115
1002,996,15.993
1002,1626,13.698
1002,1039,35.115
1004,1001,119.372
1004,1005,19.788
1005,1011,22.127
1006,991,32.284
1007,1001,13.115
1007,630,61.048
1008,634,49.746
1008,1006,17.090
1009,992,27.263
1009,997,14.236
1009,1833,11.314
1010,630,255.317
1010,67,547.014
1011,1013,53.081
1011,993,21.497
1012,581,26.124
1012,1457,20.663
1013,1348,69.458
1014,239,34.791
1014,1256,101.076
1015,1031,24.379
1015,238,101.062
1016,825,6.553
1017,1120,3.918
1018,1556,163.601
1018,1632,161.211
1019,1556,11.476
1019,1426,129.855
1020,1379,62.307
1020,792,97.443
1021,1018,124.866
1021,793,94.044
1022,1023,39.888
1023,314,98.078
1023,1721,8.870
1024,1025,16.380
1025,1073,14.393
1025,1026,41.049
1026,1024,16.340
1026,1075,104.795
1027,1028,20.592
1027,1084,233.732
1028,175,205.740
1028,1084,122.900
1029,626,92.947
1029,995,43.539
1030,1229,168.061
1031,447,72.584
1032,238,20.227
1032,40,59.318
1033,1008,9.560
1033,1034,219.162
1034,1445,99.451
1034,1033,219.162
1035,1823,10.960
1035,639,39.659
1036,1711,6.519
1036,1037,13.638
1036,631,154.699
1037,1036,13.638
1037,1038,25.132
1038,96,115.032
1039,1002,35.115
1040,996,36.291
1041,624,108.971
1042,995,11.611
1043,990,16.119
1043,1624,6.120
1043,648,212.914
1044,1767,21.149
1045,1599,585.103
1046,1799,226.052
1047,699,12.266
1047,696,74.499
1047,697,15.969
1048,1885,8.073
1048,694,67.545
1048,1884,30.584
1049,1644,34.816
1049,1049,121.100
1050,1885,64.229
1051,699,12.373
1051,1052,125.518
1052,1232,170.901
1053,1640,70.567
1054,1056,31.942
1054,1076,91.817
1055,1055,129.024
1055,1060,47.237
1056,1057,41.366
1056,1640,12.254
1057,1059,56.694
1058,1063,15.635
1058,1058,100.128
1059,1061,51.327
1059,1065,12.699
1060,1067,19.803
1060,1063,17.622
1060,1055,47.237
1061,1062,18.729
1061,1066,11.933
1062,1913,35.469
1063,1058,15.635
1063,1067,18.557
1063,1060,17.622
1064,1071,28.874
1064,1068,37.367
1065,1064,60.054
1065,1059,12.699
1066,1065,50.327
1066,1061,11.933
1067,1063,18.557
1067,1070,9.022
1067,1060,19.803
1068,1076,23.935
1069,1066,14.398
1069,1062,21.661
1070,1067,9.022
1070,1073,18.691
1070,1074,14.916
1071,1068,15.095
1071,1064,28.874
1071,1081,75.189
1072,1024,109.120
1072,1075,12.837
1073,1070,18.691
1073,1025,14.393
1073,1074,14.601
1074,1638,66.636
1074,1073,14.601
1074,1070,14.916
1075,1912,6.056
1076,17,67.334
1077,1078,13.125
1077,1069,56.873
1078,1080,13.350
1078,1077,13.125
1079,1080,11.033
1079,1077,13.523
1080,1079,11.033
1080,1083,118.738
1081,1071,75.189
1082,1083,67.941
1082,1079,116.439
1083,1027,47.216
1084,1278,58.318
1085,1086,115.088
1085,1458,26.529
1086,142,40.440
1086,1914,372.649
1087,1086,36.237
1087,142,49.836
1088,1092,90.647
1088,1090,15.664
1089,1091,15.479
1089,237,60.924
1090,1089,4.400
1091,1088,6.478
1092,1093,60.807
1093,484,98.523
1093,1094,18.430
1094,464,61.974
1095,959,270.173
1095,1222,181.091
1096,1107,240.525
1096,1097,18.058
1097,1100,12.286
1097,1106,228.476
1098,1182,168.777
1098,1101,15.062
1099,1096,13.242
1100,1098,15.272
1101,1099,13.688
1101,29,126.503
1102,943,412.905
1102,1103,29.524
1103,1905,96.677
1103,1104,24.385
1104,1183,164.244
1104,1105,20.071
1105,1106,8.686
1105,1100,230.267
1106,1102,16.650
1107,1096,240.525
1108,225,74.357
1108,1109,55.490
1109,1109,95.121
1109,1108,55.490
1110,682,19.423
1110,1768,45.646
1111,1138,85.210
1111,1470,143.593
1112,1812,160.446
1113,1115,24.046
1113,1112,23.005
1114,1112,23.783
1114,1115,25.210
1115,1464,119.518
1116,1118,21.626
1116,1769,45.597
1117,1114,122.179
1117,1464,19.148
1118,1117,8.947
1119,1121,3.307
1120,1123,262.936
1120,1122,18.415
1121,1750,13.150
1121,1017,5.642
1122,1660,12.604
1123,883,18.056
1123,1124,14.998
1124,1122,268.295
1125,1134,4.987
1126,680,56.371
1126,679,62.306
1127,681,34.793
1127,680,221.824
1127,1128,44.077
1128,681,37.046
1128,1129,161.299
1129,1130,87.790
1129,1128,161.299
1129,1132,67.592
1130,1141,48.105
1131,1130,67.922
1131,1132,88.076
1132,1129,67.592
1132,1479,237.552
1133,683,808.198
1133,1125,19.037
1134,1786,220.088
1134,685,24.663
1135,1133,19.074
1135,1125,13.125
1136,1137,81.658
1136,1787,117.927
1137,1136,81.658
1138,1111,85.210
1139,1140,34.693
1140,1139,20.678
1140,1142,38.838
1141,1142,15.896
1141,1139,40.676
1142,1473,13.833
1142,1471,10.407
1143,1144,82.932
1143,428,101.524
1144,190,261.368
1145,1146,48.064
1145,1144,254.396
1146,1257,40.415
1147,368,41.632
1148,1699,1.397
1149,1150,26.350
1149,28,77.000
1150,1149,26.350
1151,1158,11.593
1151,1160,174.741
1151,1259,117.084
1152,691,100.250
1154,1155,30.365
1154,1159,22.545
1155,783,214.112
1156,1157,24.363
1156,832,62.182
1156,1235,67.724
1157,1156,24.363
1157,1690,149.479
1158,1689,14.490
1158,1151,11.593
1159,1160,9.008
1159,1158,173.918
1160,1155,23.803
1161,1165,19.943
1161,729,43.035
1162,1164,147.389
1162,759,336.236
1163,405,9.521
1163,1550,474.581
1164,756,28.515
1164,1166,14.021
1165,1015,9.979
1165,1308,104.957
1166,1304,1.900
1166,756,18.282
1167,1548,30.503
1167,791,8.986
1168,1349,225.610
1169,840,8.761
1169,1310,212.538
1170,402,9.533
1170,48,233.731
1171,4,7.163
1171,1275,490.983
1172,828,8.203
1172,59,376.169
1173,1427,310.850
1173,1441,401.723
1174,1374,25.701
1174,1427,113.740
1176,1439,47.574
1177,1451,289.205
1178,757,40.843
1178,1451,35.622
1179,1225,407.262
1179,1806,1332.653
1180,1095,96.121
1180,1224,99.271
1181,32,77.269
1182,1098,168.777
1183,1104,164.244
1184,732,39.083
1184,1256,21.778
1185,1186,27.076
1185,503,43.415
1186,1185,27.076
1186,507,331.109
1187,956,4.565
1187,468,21.588
1188,1189,56.838
1188,1188,70.711
1189,1188,56.838
1189,337,173.911
1190,1579,81.475
1190,1191,68.886
1191,1145,415.359
1192,157,16.332
1192,1489,23.697
1193,1487,73.134
1194,1195,65.957
1194,180,154.938
1195,181,460.903
1196,1197,68.001
1196,167,112.725
1197,179,316.729
1198,1205,26.199
1198,1199,63.578
1199,177,541.718
1200,225,159.200
1200,1201,64.843
1201,224,209.023
1201,1200,64.843
1202,1409,166.716
1202,161,97.530
1203,1694,116.831
1204,1603,66.632
1205,1203,89.770
1205,1603,48.580
1206,1407,40.180
1207,1208,136.877
1207,1406,63.986
1208,1207,136.877
1209,540,61.987
1209,1407,63.878
1210,1245,7.239
1210,469,24.393
1211,953,6.268
1211,1559,15.342
1212,580,44.189
1212,952,32.629
1213,1013,29.975
1213,993,39.851
1214,1241,5.415
1214,886,19.201
1215,1244,4.905
1215,888,19.668
1216,1239,5.627
1216,884,22.523
1217,1362,12.802
1218,963,5.000
1218,890,24.157
1219,1249,4.797
1219,1891,19.109
1220,1251,3.321
1220,891,25.527
1221,1254,5.677
1221,773,24.346
1223,1222,107.995
1223,1602,107.485
1224,1223,72.426
1225,1436,188.338
1225,1179,407.262
1226,785,387.303
1227,1226,85.669
1227,784,390.873
1228,26,88.511
1229,862,292.825
1229,1231,87.299
1230,862,287.983
1230,1231,90.420
1231,1269,145.437
1232,870,487.971
1232,1233,81.219
1233,1299,60.256
1235,1234,82.573
1235,1156,67.724
1236,1730,21.769
1236,1680,83.455
1237,586,8.539
1237,1724,33.296
1238,884,5.428
1238,768,376.987
1239,1238,22.739
1239,885,24.165
1240,885,24.456
1240,1238,24.802
1241,1242,19.049
1241,1246,17.410
1242,886,5.117
1242,804,431.167
1243,808,96.034
1243,469,7.465
1244,1246,19.459
1244,1242,18.063
1245,1367,2.682
1245,1243,22.672
1246,809,39.207
1246,888,5.304
1247,545,3.767
1247,818,532.067
1248,817,32.918
1248,890,4.781
1249,1890,16.107
1249,1250,25.250
1250,546,5.226
1250,821,57.369
1251,1252,24.715
1251,1253,26.638
1252,822,45.971
1252,891,5.605
1253,773,5.006
1253,1433,583.608
1254,1253,24.229
1254,1252,25.038
1255,352,21.637
1255,355,189.148
1256,1161,8.353
1256,730,44.313
1257,1552,18.242
1257,1778,243.381
1258,939,232.584
1258,1209,11.226
1259,1151,117.084
1259,1153,21.067
1260,1259,21.612
1261,1262,37.590
1261,1264,25.826
1262,921,354.071
1263,1262,27.871
1263,1264,21.060
1264,1265,56.037
1265,1268,83.655
1266,1265,25.617
1266,1263,52.672
1267,1911,57.627
1267,1266,16.451
1268,1267,16.449
1268,922,388.125
1269,24,83.208
1269,858,233.067
1270,231,8.066
1271,1273,20.396
1271,1704,18.603
1272,1271,17.574
1272,1273,21.798
1273,62,160.172
1274,58,53.490
1275,1276,19.945
1275,1538,39.320
1276,866,7.431
1276,1323,481.798
1277,1030,130.382
1277,80,1327.863
1278,173,69.530
1279,1382,81.921
1279,1381,35.334
1280,1278,80.948
1280,175,108.892
1281,1280,209.033
1282,1334,45.252
1283,1442,69.467
1284,1287,17.158
1285,1370,48.996
1286,1658,43.107
1287,1371,10.268
1287,1443,43.569
1287,1284,17.158
1288,1657,120.775
1289,1251,591.525
1290,489,20.203
1291,503,16.419
1292,143,34.694
1292,144,22.335
1293,1295,16.668
1294,1293,24.612
1294,499,232.523
1295,500,235.452
1295,507,20.615
1296,506,10.850
1296,505,170.991
1297,1296,14.153
1297,506,18.691
1298,430,39.229
1299,764,384.058
1299,25,431.216
1300,1302,15.034
1300,1907,218.235
1301,695,9.897
1301,1303,12.693
1301,1300,272.380
1302,1303,268.964
1302,1300,15.034
1303,1051,82.336
1303,1301,12.693
1304,763,2.538
1304,760,9.963
1305,45,151.001
1305,1314,25.530
1306,729,18.492
1306,1165,54.316
1307,1305,144.389
1307,1310,7.948
1308,1316,18.639
1308,1167,50.926
1309,1546,365.248
1309,1305,8.183
1310,1318,16.639
1310,1542,40.030
1311,1707,25.472
1311,1163,21.072
1312,1030,229.746
1313,1312,130.366
1313,1277,229.424
1314,44,16.596
1315,588,131.968
1315,1307,30.540
1316,1014,10.174
1316,1161,106.502
1317,1309,17.317
1317,1540,36.791
1318,1320,7.895
1318,51,208.933
1319,1320,147.786
1319,1317,7.872
1320,863,201.942
1320,1322,28.775
1321,1322,191.696
1321,1319,27.462
1322,848,24.395
1323,1171,18.705
1323,1532,41.369
1324,1323,8.433
1324,60,159.512
1325,723,28.710
1325,1326,19.523
1326,1394,228.514
1327,1731,20.166
1327,524,93.047
1328,60,10.590
1328,868,363.648
1329,486,89.314
1330,1181,38.412
1330,1377,118.891
1331,775,185.627
1332,1333,16.900
1332,1526,44.974
1333,775,8.570
1333,1454,90.290
1335,148,193.011
1335,526,75.744
1336,1337,86.273
1337,408,128.819
1337,1339,90.478
1338,515,23.813
1339,409,146.033
1339,1450,27.342
1340,1174,224.036
1340,1449,27.392
1341,1749,10.280
1341,1379,64.881
1342,688,17.016
1342,686,207.750
1343,1344,17.923
1343,689,53.417
1344,1343,17.923
1344,687,132.814
1345,689,14.469
1345,1344,50.469
1346,1483,97.429
1346,1342,168.437
1347,587,100.226
1348,1010,107.703
1348,86,112.102
1349,1520,302.851
1350,762,141.780
1350,1349,397.342
1351,73,109.264
1352,611,54.095
1353,1574,9.573
1354,57,84.595
1355,828,78.850
1355,1354,29.411
1356,1355,6.859
1356,1172,76.585
1357,1356,17.831
1357,1528,20.748
1358,1357,6.896
1358,1331,44.872
1359,1358,18.823
1359,869,29.113
1360,1557,32.572
1360,1558,23.476
1361,1360,10.381
1361,1211,42.262
1362,958,63.511
1362,1844,49.030
1363,1615,540.079
1363,977,74.922
1364,657,16.658
1365,1445,91.099
1365,105,106.048
1366,770,105.251
1367,1560,12.991
1367,766,12.080
1368,91,27.701
1369,715,23.495
1369,706,113.717
1370,1657,62.482
1370,1285,48.996
1371,1287,10.268
1372,1655,129.312
1372,1892,282.492
1372,1654,56.923
1373,893,6.756
1374,1340,193.749
1375,1335,222.449
1375,1450,443.885
1376,305,175.697
1376,288,11.293
1377,1330,118.891
1378,2,105.068
1378,1021,114.487
1379,1452,33.972
1379,1426,66.706
1380,1038,27.369
1380,1037,24.547
1381,1382,47.503
1381,1281,27.350
1382,174,42.538
1383,473,79.049
1383,1384,15.890
1384,1383,15.890
1384,1729,34.731
1385,845,33.526
1385,1386,17.027
1386,1741,163.409
1387,605,16.434
1388,233,36.184
1390,1325,228.628
1391,1392,24.302
1391,1396,19.115
1392,856,121.788
1393,851,32.182
1393,1398,18.992
1394,860,52.584
1394,1390,20.186
1395,1396,24.301
1395,1392,20.839
1396,1671,79.556
1397,31,57.666
1398,600,238.252
1399,1401,33.930
1400,584,48.002
1401,1665,28.426
1401,1400,12.584
1402,1663,152.359
1403,834,64.678
1404,606,10.682
1404,1568,25.461
1404,273,293.903
1405,1414,129.081
1406,1407,32.984
1406,1207,61.918
1407,1406,32.984
1407,1209,63.878
1407,1206,40.180
1408,196,138.872
1409,160,94.838
1409,1202,166.716
1410,1412,55.821
1410,1410,107.871
1411,1419,139.419
1412,306,104.539
1412,299,83.581
1412,1410,55.821
1413,1414,15.237
1413,168,128.287
1414,170,116.797
1414,1413,15.237
1415,1416,16.271
1415,1698,103.674
1416,1415,16.271
1416,395,245.643
1417,159,9.257
1417,141,116.554
1418,1413,121.288
1418,170,16.609
1419,1420,51.956
1420,518,98.910
1421,348,87.782
1421,1411,196.611
1422,407,75.908
1423,395,26.478
1423,1415,248.859
1424,1422,20.862
1424,201,37.823
1425,1651,112.398
1426,1378,56.265
1427,1173,310.850
1427,1374,114.149
1428,1375,217.873
1429,397,53.247
1430,517,190.858
1431,1370,4.171
1432,1749,154.376
1433,1289,41.061
1433,1889,22.875
1434,520,46.645
1434,1452,903.528
1435,1225,169.976
1435,1436,24.679
1436,1437,22.756
1437,1461,35.818
1437,1438,59.989
1438,1439,394.946
1438,1175,61.458
1439,1177,48.222
1440,1332,93.649
1441,1455,36.095
1441,1440,35.394
1442,1443,20.939
1442,1652,126.812
1443,1287,43.569
1443,1658,84.698
1444,1034,128.187
1445,986,352.420
1446,1447,11.117
1446,343,253.693
1447,1448,42.567
1447,519,28.104
1448,1336,142.901
1448,148,340.609
1449,1338,395.092
1450,1338,34.502
1451,1810,99.019
1452,2,193.323
1453,13,282.241
1453,1236,78.742
1454,1440,34.140
1454,1455,45.578
1455,1173,393.115
1456,1466,25.515
1456,1468,24.021
1457,88,51.355
1458,1085,26.529
1459,1914,7.630
1459,1637,83.916
1460,1914,28.934
1461,1809,26.214
1461,1435,28.652
1462,1198,112.311
1462,1463,112.348
1463,1462,112.348
1464,1465,3.148
1465,1752,19.206
1465,1751,6.030
1466,1126,16.929
1467,1468,23.915
1467,1466,23.757
1468,1472,106.250
1469,1811,216.960
1470,1474,14.403
1470,1469,23.250
1471,1456,108.361
1472,1473,12.777
1472,1471,20.121
