u,v,w
0,3183,136.714
0,5421,382.050
2,1050,450.283
2,4322,2198.279
3,4,254.936
3,5,477.967
4,1050,77.149
4,3201,299.002
4,5,230.405
5,0,182.532
6,7,267.157
7,169,163.214
8,9,280.654
8,10,538.684
9,7118,56.815
9,7,106.011
9,196,45.335
10,5937,248.044
11,15,131.768
12,6951,62.274
12,20,333.866
13,5193,26.184
13,14,188.697
14,12,25.868
15,14,471.847
15,16,207.187
16,18,35.503
17,16,75.488
17,19,66.740
18,17,69.556
18,14,256.500
19,11,276.441
20,21,42.508
20,1,320.533
20,12,333.866
21,20,42.508
21,24,155.594
22,1049,179.683
22,21,526.315
23,1,218.686
23,24,243.312
24,6294,114.939
24,21,155.594
25,28,167.033
25,26,245.279
26,30,74.718
26,31,71.738
27,30,72.843
27,28,227.432
27,5426,763.019
28,4328,663.279
29,1048,275.771
29,30,560.400
30,27,72.843
30,26,74.718
31,1048,271.964
31,6294,234.920
31,26,71.738
32,2826,66.320
32,2829,68.038
32,6356,183.453
33,4359,20.404
33,2642,50.725
33,2640,65.232
34,3013,43.061
34,2987,191.717
34,7168,41.145
35,2757,77.505
35,2767,129.134
35,2743,218.227
35,36,77.118
36,535,77.900
36,3895,68.187
36,35,77.118
36,1254,151.155
37,1293,31.220
37,1287,87.486
37,1291,112.435
37,1254,225.362
38,1386,250.185
38,463,273.142
38,1345,107.599
38,1384,71.261
39,61,38.393
39,4193,43.973
40,1074,24.712
40,1494,41.176
41,3733,25.537
41,7143,27.610
42,7142,138.048
43,3733,20.459
44,4843,36.765
44,1706,28.522
45,47,64.401
45,46,45.053
46,4890,48.686
47,2000,157.144
48,1990,157.936
48,7094,17.531
49,46,48.866
50,51,37.699
51,53,86.016
51,52,16.932
52,1041,319.972
52,4597,59.939
53,4041,72.527
53,4596,27.885
54,1536,104.406
55,121,95.200
55,5902,72.856
56,39,161.868
57,58,29.391
57,56,36.953
58,56,29.913
58,5238,216.914
58,1393,100.891
59,57,146.382
60,59,41.740
60,1222,60.395
61,1226,110.142
62,4187,71.344
63,4595,49.520
63,65,55.060
64,1111,144.658
64,62,309.585
65,66,27.647
65,67,291.602
66,4883,12.956
66,5200,86.593
67,65,291.602
67,1503,223.796
67,859,185.039
68,7141,66.198
69,68,26.872
69,70,65.571
70,2040,68.566
70,2046,214.188
71,74,38.104
71,2075,55.346
72,4744,21.005
72,2095,44.860
73,6331,175.646
74,73,21.338
74,2085,147.079
75,2098,125.567
75,76,20.990
76,77,108.887
77,2100,123.419
77,78,132.566
78,2101,124.477
78,79,250.398
79,83,31.522
79,6742,31.366
80,2196,59.129
80,2169,271.407
81,82,23.679
82,558,41.619
82,4731,40.379
83,446,18.435
84,85,16.399
84,4864,17.890
85,86,140.721
86,4721,23.626
86,87,72.424
87,2499,230.864
87,6248,101.025
88,6890,214.550
88,6743,262.588
89,4570,12.394
89,4163,17.114
90,4162,56.484
91,4571,79.965
92,4121,75.129
92,5280,12.757
93,4117,55.186
93,92,115.019
94,570,78.635
94,4080,19.251
95,4126,215.918
95,94,71.819
96,5026,209.892
96,2022,69.063
97,1710,76.416
97,4886,85.756
98,1768,62.019
99,126,126.381
99,4885,30.969
99,136,133.904
100,5512,37.769
100,6899,112.616
101,2422,58.455
101,2419,221.295
102,2431,156.172
102,2418,66.912
103,3893,28.680
103,2423,54.446
104,2453,44.646
104,113,37.129
105,2460,63.700
105,1497,84.538
105,2453,103.051
106,4035,49.286
106,1497,80.499
106,112,11.455
107,112,65.512
107,1495,153.157
107,108,87.026
108,1499,87.221
108,109,58.326
108,107,87.026
109,4592,15.109
109,1501,90.760
109,108,58.326
110,6489,2.526
111,866,17.876
111,4592,42.605
112,107,65.512
112,106,11.455
112,1490,202.883
113,1487,94.483
113,5245,152.341
114,3892,54.817
115,720,153.145
115,116,77.758
116,719,183.483
116,851,77.999
117,4582,9.390
117,4538,26.521
117,4553,30.665
118,822,144.417
118,833,53.536
119,970,60.110
119,807,178.332
119,6531,10.552
120,6496,130.830
120,121,29.662
121,6495,82.380
121,122,19.819
122,4888,72.145
123,4598,11.613
123,401,87.002
124,132,86.171
125,1759,80.660
125,408,179.830
126,137,64.674
126,1682,137.861
127,128,76.897
128,1758,83.025
128,129,187.413
129,901,66.946
130,1039,135.487
131,124,55.093
131,4719,195.756
132,130,76.316
133,3862,55.235
133,4334,221.391
134,6004,12.639
134,4718,151.672
135,125,174.030
136,4577,68.669
136,4594,138.931
137,1666,56.014
137,136,182.592
138,4717,282.048
139,7155,30.229
139,4240,88.629
140,6142,98.235
140,5659,85.849
141,6142,62.753
141,5390,126.777
141,6576,112.725
142,5406,11.108
142,3610,98.335
142,3609,186.757
143,3622,121.340
143,3628,88.870
143,5374,187.041
144,3632,109.877
144,145,185.439
144,3628,169.658
145,3637,95.043
145,146,63.825
145,144,185.439
146,6139,6.987
146,3651,123.836
146,145,63.825
147,3677,12.215
147,3676,155.697
147,3678,53.008
148,192,54.596
148,3678,37.663
148,3679,205.756
149,1047,22.810
149,6274,29.889
150,3325,30.153
150,895,21.860
151,894,163.709
152,6276,9.584
152,6275,8.707
153,155,28.955
153,3847,353.162
154,1121,34.167
154,162,59.405
155,4507,45.950
155,156,14.235
156,918,28.363
156,157,17.617
157,5103,5.270
158,159,10.371
159,4507,22.596
159,160,46.665
160,1344,152.558
161,4562,31.053
161,162,23.519
162,163,20.244
162,4562,21.793
163,3813,65.129
164,165,54.258
164,6755,24.254
165,155,235.236
166,1047,10.263
166,898,150.726
167,3236,81.969
167,168,67.356
168,3244,108.389
168,3284,377.315
169,176,35.734
169,170,40.931
170,4509,113.793
171,384,90.305
171,6363,7.954
171,3698,29.486
172,388,70.917
172,380,63.544
172,7111,96.459
173,174,15.972
173,389,150.086
173,5000,109.371
174,173,15.972
174,390,113.855
174,175,30.772
175,6376,37.486
175,174,30.772
175,5006,56.572
176,6850,18.034
177,170,34.110
177,176,42.496
178,7055,187.046
178,179,62.135
179,3241,307.506
179,152,133.550
180,7052,14.001
180,5629,103.980
181,3385,72.551
181,182,129.693
182,3858,67.944
182,5658,171.975
183,3401,50.642
183,184,300.439
184,3855,111.870
184,730,318.345
185,916,185.208
185,759,78.888
186,754,9.771
186,1116,59.925
187,1123,82.744
187,3167,71.489
188,6913,2.430
188,3158,67.174
189,190,44.012
189,3127,23.841
190,3115,64.713
190,4516,26.059
191,4250,38.793
191,3057,47.623
192,148,54.596
192,3680,326.462
193,5041,68.629
193,6171,8.284
193,5040,149.964
194,348,11.772
194,358,264.503
194,195,557.254
195,196,36.144
195,197,51.285
195,194,557.254
196,197,39.942
196,195,36.144
196,9,45.335
197,196,39.942
197,195,51.285
197,3710,242.210
198,200,271.355
198,6170,164.699
199,200,108.008
200,8,370.841
201,6163,6.590
201,5035,12.804
202,193,54.091
202,6166,6.971
203,3641,86.894
203,298,96.790
203,3653,94.027
203,3646,143.838
204,299,96.701
204,3636,184.118
204,3633,90.421
204,3641,98.587
205,301,110.124
205,3621,71.403
205,3626,45.508
206,301,87.224
206,207,29.889
206,3621,78.666
207,3620,135.675
207,206,29.889
207,300,39.137
208,5042,67.044
208,327,28.962
208,296,144.979
208,304,107.275
209,328,74.821
209,343,28.911
209,210,24.109
210,6048,15.374
210,297,90.778
210,209,24.109
211,6053,4.135
211,5403,136.702
211,212,23.212
212,3595,31.844
212,5376,187.195
212,211,23.212
213,330,42.756
214,332,71.393
215,216,430.677
216,6410,116.635
216,217,78.298
216,215,430.677
217,216,78.298
218,6410,7.537
218,6682,267.334
218,6411,138.840
219,6049,212.020
219,5659,27.766
220,222,110.101
220,221,132.634
220,6049,48.001
221,227,6.714
221,222,42.411
221,220,132.634
222,221,42.411
222,220,110.101
222,6049,150.699
223,227,33.303
223,6111,133.786
223,3583,64.769
224,228,44.360
224,6051,262.466
224,6104,357.136
225,228,44.597
225,226,41.464
226,225,41.464
227,223,33.303
227,221,6.714
227,228,42.060
228,225,44.597
228,224,44.360
228,6104,371.405
228,227,42.060
229,6051,106.461
230,5400,26.369
230,6107,217.332
230,5670,350.452
231,5952,102.511
231,6098,105.696
231,5674,62.826
231,5669,80.187
232,6133,7.897
232,7070,72.659
232,6134,51.635
233,7070,8.408
233,5950,98.285
233,4661,320.682
234,5347,42.469
234,266,70.323
234,235,167.212
235,234,167.212
235,6037,51.407
235,4660,1092.619
235,236,50.643
236,238,31.676
236,235,50.643
236,6037,49.387
237,4338,371.118
237,6358,186.730
237,6388,64.751
238,6554,51.943
238,239,64.946
238,236,31.676
239,266,140.694
239,241,105.469
239,238,64.946
240,255,53.601
240,7076,46.720
240,257,72.917
241,239,105.469
242,246,210.856
242,243,95.871
242,6376,70.078
243,245,140.069
243,244,122.772
243,242,95.871
244,243,122.772
244,245,124.698
244,6365,29.181
245,243,140.069
245,246,70.015
245,244,124.698
246,247,75.040
246,242,210.856
246,245,70.015
247,246,75.040
247,5685,39.039
247,6383,57.783
248,6360,10.615
248,249,49.646
248,273,38.807
249,264,162.924
249,248,49.646
249,261,40.567
250,259,177.655
250,254,36.794
250,260,190.880
251,252,20.745
251,257,166.308
251,254,47.653
252,251,20.745
253,255,42.607
253,264,44.485
253,6364,7.139
254,258,175.792
254,251,47.653
254,250,36.794
255,240,53.601
255,253,42.607
255,258,100.649
256,257,20.149
257,240,72.917
257,251,166.308
257,258,47.334
257,256,20.149
258,255,100.649
258,254,175.792
258,259,41.225
258,257,47.334
259,250,177.655
259,258,41.225
259,6364,112.244
259,260,74.121
260,250,190.880
260,259,74.121
260,261,11.609
261,6364,148.946
261,260,11.609
261,249,40.567
262,264,47.298
262,265,59.887
262,263,55.048
262,6360,180.058
263,262,55.048
264,253,44.485
264,262,47.298
264,249,162.924
265,262,59.887
265,266,90.597
265,275,50.289
266,265,90.597
266,239,140.694
266,6359,67.975
266,234,70.323
267,268,30.513
267,270,45.180
267,269,175.511
268,267,30.513
269,270,162.708
269,272,39.067
269,267,175.511
270,267,45.180
270,271,43.980
270,269,162.708
271,270,43.980
271,6359,15.082
271,272,181.253
272,271,181.253
272,273,39.141
272,269,39.067
273,274,183.800
273,248,38.807
273,272,39.141
274,6359,29.001
274,275,35.373
274,273,183.800
275,274,35.373
275,265,50.289
275,6360,172.973
276,284,99.799
276,6365,55.589
277,5676,33.099
277,5677,39.984
277,6366,54.849
278,5679,40.266
278,285,85.605
278,279,62.393
279,282,132.246
279,6061,39.440
279,278,62.393
280,6061,32.279
280,316,40.173
280,314,185.269
281,285,80.675
281,6058,92.224
281,6365,206.478
282,283,45.350
282,286,11.782
282,279,132.246
283,282,45.350
283,317,49.715
283,288,118.420
284,6366,69.471
284,276,99.799
285,278,85.605
285,281,80.675
285,286,95.062
286,282,11.782
286,6058,2.560
286,285,95.062
287,6061,12.068
287,312,66.688
287,313,98.610
288,5665,40.982
288,6583,61.191
288,283,118.420
289,6190,20.079
289,6583,8.726
289,321,32.954
290,6137,32.721
290,6191,25.856
290,6190,88.051
291,299,216.307
291,292,101.677
291,6191,101.482
291,302,207.849
292,3630,189.722
292,291,101.677
292,3633,91.525
292,3626,92.881
293,306,33.566
293,296,24.592
293,295,53.343
294,311,70.570
294,295,42.745
294,313,38.935
295,310,86.719
295,293,53.343
295,294,42.745
296,304,104.753
296,208,144.979
296,293,24.592
297,3660,23.638
297,5035,49.532
297,210,90.778
298,203,96.790
298,324,141.705
298,5043,86.779
299,291,216.307
299,324,42.112
299,204,96.701
300,302,257.836
300,3605,126.507
300,207,39.137
301,302,84.299
301,206,87.224
301,205,110.124
302,301,84.299
302,300,257.836
302,291,207.849
303,307,41.653
303,323,42.339
303,6192,163.893
304,296,104.753
304,208,107.275
304,305,39.893
305,325,25.571
305,306,125.544
305,304,39.893
306,293,33.566
306,308,40.870
306,305,125.544
307,325,15.926
307,303,41.653
307,308,125.806
308,306,40.870
308,309,43.664
308,307,125.806
309,308,43.664
309,314,42.652
309,310,42.844
309,322,42.203
310,311,40.382
310,309,42.844
310,295,86.719
311,312,35.139
311,310,40.382
311,294,70.570
312,287,66.688
312,311,35.139
312,313,67.453
313,312,67.453
313,294,38.935
313,287,98.610
314,309,42.652
314,315,40.191
314,280,185.269
315,314,40.191
315,318,40.525
315,316,184.139
316,280,40.173
316,317,41.782
316,315,184.139
317,316,41.782
317,283,49.715
317,318,183.952
318,315,40.525
318,321,38.666
318,317,183.952
319,320,45.010
319,6192,39.795
319,323,163.566
320,319,45.010
320,321,42.353
320,322,162.268
321,318,38.666
321,289,32.954
321,320,42.353
322,309,42.203
322,323,41.572
322,320,162.268
323,322,41.572
323,303,42.339
323,319,163.566
324,299,42.112
324,298,141.705
324,325,91.595
325,305,25.571
325,307,15.926
325,324,91.595
326,327,20.640
327,330,64.536
327,326,20.640
327,208,28.962
328,332,36.225
328,209,74.821
328,329,161.381
329,336,29.054
329,6217,50.535
329,328,161.381
330,331,31.795
330,327,64.536
330,213,42.756
331,332,31.361
331,330,31.795
331,5045,67.079
332,328,36.225
332,331,31.361
332,214,71.393
333,334,21.526
334,335,114.798
334,333,21.526
334,338,48.920
335,334,114.798
335,339,41.743
335,342,196.727
336,338,43.986
336,329,29.054
336,6217,63.560
337,340,67.000
337,339,45.338
337,6217,32.709
338,336,43.986
338,334,48.920
338,339,99.042
339,338,99.042
339,337,45.338
339,335,41.743
340,341,89.872
340,337,67.000
340,345,78.438
341,346,43.270
341,340,89.872
341,6168,7.867
342,357,59.682
342,335,196.727
342,358,68.732
343,209,28.911
343,345,139.053
343,6163,103.328
344,345,45.403
345,340,78.438
345,343,139.053
345,344,45.403
346,202,44.841
346,6167,7.214
346,347,223.122
347,348,78.237
347,346,223.122
347,349,65.807
348,194,11.772
348,5040,15.699
348,347,78.237
349,347,65.807
350,369,13.467
350,351,45.727
350,358,273.433
351,352,110.301
351,350,45.727
351,370,126.052
352,3707,25.349
352,351,110.301
352,3698,60.797
353,364,41.863
353,366,28.872
353,377,93.933
353,365,51.508
354,356,84.932
354,364,44.503
354,359,63.305
355,356,16.337
356,354,84.932
356,355,16.337
356,360,37.476
357,363,41.830
357,362,43.185
357,361,158.161
357,342,59.682
358,350,273.433
358,194,264.503
358,342,68.732
359,362,41.670
359,354,63.305
359,360,93.332
360,359,93.332
360,361,45.439
360,356,37.476
361,360,45.439
361,362,108.879
361,357,158.161
362,357,43.185
362,359,41.670
362,361,108.879
363,357,41.830
363,367,43.094
363,364,165.181
364,354,44.503
364,353,41.863
364,363,165.181
365,353,51.508
365,399,183.910
365,398,225.960
365,400,41.728
366,367,148.502
366,353,28.872
366,373,43.005
367,363,43.094
367,372,39.084
367,366,148.502
368,370,40.934
368,373,43.347
368,371,136.526
369,350,13.467
369,371,37.855
369,370,125.253
370,368,40.934
370,351,126.052
370,369,125.253
371,372,43.765
371,369,37.855
371,368,136.526
372,367,39.084
372,371,43.765
372,373,147.351
373,368,43.347
373,372,147.351
373,366,43.005
374,375,24.095
374,387,51.195
374,6370,67.356
375,374,24.095
375,378,72.775
375,376,126.639
376,382,60.867
376,377,214.340
376,375,126.639
376,398,54.340
377,381,65.235
377,353,93.933
377,376,214.340
378,375,72.775
378,382,68.230
378,379,81.827
379,391,61.612
379,385,57.393
379,378,81.827
379,383,19.839
380,391,111.038
380,172,63.544
380,3686,11.028
381,377,65.235
381,384,58.823
381,382,217.688
382,381,217.688
382,378,68.230
382,383,61.760
382,376,60.867
383,382,61.760
383,394,163.855
383,379,19.839
384,381,58.823
384,171,90.305
384,394,61.713
385,379,57.393
385,388,109.620
385,386,109.312
385,387,107.217
386,390,75.773
386,387,109.210
386,385,109.312
387,386,109.210
387,374,51.195
387,385,107.217
388,172,70.917
388,385,109.620
388,389,57.134
389,173,150.086
389,388,57.134
389,390,108.455
390,386,75.773
390,174,113.855
390,389,108.455
390,6370,262.810
391,380,111.038
391,379,61.612
391,393,164.533
392,393,43.419
392,3686,133.894
392,6363,49.716
393,391,164.533
393,394,61.746
393,392,43.419
394,383,163.855
394,384,61.713
394,393,61.746
395,396,62.452
396,399,107.257
396,395,62.452
396,397,44.519
397,398,79.224
397,6371,161.650
397,396,44.519
398,365,225.960
398,397,79.224
398,376,54.340
398,399,43.732
399,365,183.910
399,396,107.257
399,398,43.732
400,365,41.728
401,2477,76.693
401,4598,88.008
401,2471,141.854
402,403,125.000
402,4069,102.897
403,411,118.719
404,403,56.200
405,6814,12.596
405,1961,41.427
405,1063,87.416
406,6225,179.402
406,6751,38.452
406,2335,41.988
407,2154,117.183
408,131,65.250
408,130,114.613
409,133,38.128
410,135,92.910
410,6003,41.559
410,409,228.172
410,4719,159.719
411,1989,210.975
411,49,338.412
412,4149,36.019
412,3929,488.863
412,4148,170.239
413,4287,66.273
413,6224,83.388
413,466,182.828
414,453,73.281
414,1673,53.927
414,415,64.881
415,1555,200.451
415,416,64.294
415,414,64.881
416,1553,78.293
416,5181,73.980
416,415,64.294
417,1570,75.157
417,1717,50.351
417,5181,146.842
418,5183,122.075
418,481,77.141
418,1717,167.920
419,4332,48.733
419,4333,24.651
419,1735,30.354
420,1602,63.853
420,499,230.305
421,3982,19.817
421,5419,39.540
422,3990,218.530
422,1532,132.814
422,537,22.482
423,5418,46.224
423,6790,11.518
424,854,110.790
425,424,156.428
425,857,112.288
426,1523,64.062
426,425,138.035
426,1528,86.543
427,571,10.907
427,1506,69.874
427,1504,126.455
428,4557,29.545
429,6394,36.558
430,6395,65.532
431,490,116.878
431,520,177.204
432,2191,19.960
432,547,38.065
432,4074,48.890
433,6647,65.792
433,1776,76.135
433,7088,85.186
433,1712,216.246
434,548,197.212
434,2412,54.332
434,4150,121.819
435,2182,7.056
435,4730,163.281
435,2191,61.170
436,2218,319.439
436,584,46.670
436,5256,66.407
437,4849,47.937
437,445,126.578
437,431,182.239
438,1033,59.941
438,1030,55.931
438,830,197.808
439,3026,60.474
439,3028,69.537
439,3029,52.485
440,6325,89.367
440,472,250.408
440,479,290.524
441,1573,78.521
441,1582,59.886
441,521,220.656
441,577,217.669
442,3421,70.514
442,484,49.099
442,4937,126.767
443,6324,157.227
443,2274,60.994
443,488,91.308
443,2263,86.719
444,5864,115.982
444,4129,55.470
444,6245,191.755
445,490,118.242
445,437,126.578
445,4078,129.936
446,7174,36.699
446,6326,37.719
447,1573,59.108
447,499,220.393
447,530,216.321
447,1570,59.050
448,6870,5.507
448,6871,22.770
449,4628,85.752
449,1368,34.013
449,1369,29.968
450,4521,12.838
450,6774,34.499
451,513,94.693
451,575,115.192
452,583,219.749
452,483,83.661
452,5061,69.182
453,414,73.281
453,1544,63.462
453,524,197.041
454,503,89.643
454,5264,71.557
454,573,41.168
455,1442,81.609
455,1465,126.760
456,1032,177.189
456,844,37.503
456,580,55.092
457,2260,197.418
457,539,50.922
457,3751,171.203
458,2767,76.346
458,523,234.427
458,3895,110.698
459,560,134.405
459,518,87.490
459,6222,74.355
460,5250,139.219
460,1745,68.882
461,5263,6.451
462,1426,184.561
462,1442,56.314
462,6738,35.467
463,1324,38.177
463,1352,146.292
463,38,273.142
463,1291,204.304
464,1442,188.584
464,4044,29.590
464,1426,63.976
465,568,98.934
466,413,182.828
467,1576,149.795
467,1566,75.726
467,1572,65.483
468,2097,89.048
468,75,123.970
469,1381,17.628
469,1405,70.253
469,1401,137.044
470,551,212.974
470,1572,56.842
470,1571,59.259
470,1575,45.410
471,1565,207.860
471,1547,50.750
471,1543,9.014
472,573,89.018
472,503,39.841
472,440,250.408
473,1525,52.385
473,3990,12.974
474,511,12.709
474,6220,65.886
474,570,238.209
475,4915,31.862
475,4918,8.387
475,6901,74.839
476,4966,15.933
476,6317,22.696
476,4964,183.494
477,1752,214.199
477,4742,71.040
477,1757,105.332
477,545,119.076
478,1399,73.033
478,1415,72.980
478,1426,105.839
478,4024,344.025
479,513,109.878
479,575,112.216
479,503,166.118
479,440,290.524
480,549,117.937
480,4076,120.750
481,1570,221.175
481,499,64.142
481,1602,216.490
481,418,77.141
482,1616,64.275
482,6639,35.430
482,6880,67.982
483,518,222.022
483,452,83.661
483,5061,127.194
483,5221,75.316
484,3419,68.713
484,442,49.099
484,533,30.767
485,1702,98.787
485,1073,66.670
485,1664,486.540
486,6440,8.325
486,1623,118.007
486,4524,165.505
486,1630,171.940
487,2755,41.677
487,5520,115.798
487,574,50.276
488,501,54.156
488,443,91.308
488,2249,156.594
488,2272,60.085
489,2254,121.790
489,6923,2.965
489,3936,26.376
490,445,118.242
490,4081,145.905
490,431,116.878
490,4079,112.290
491,1729,22.921
491,1731,40.274
492,528,190.243
492,535,149.645
492,1240,98.120
493,7164,54.445
493,511,125.745
493,4156,88.325
494,2275,53.546
494,2297,46.369
494,2292,59.989
495,5570,36.100
495,3028,36.214
495,5557,64.721
496,4851,119.676
497,2260,95.115
497,3751,64.038
497,2261,65.022
498,1579,63.782
498,1589,69.945
498,1588,71.433
498,1575,132.344
499,447,220.393
499,481,64.142
499,420,230.305
499,1590,60.578
500,1384,44.681
500,567,30.158
501,488,54.156
501,2262,41.997
501,557,131.805
502,1599,60.591
502,527,185.593
502,551,222.487
502,1604,25.322
503,472,39.841
503,454,89.643
503,461,176.891
503,479,166.118
504,5054,35.489
504,4270,12.192
504,5224,64.416
505,1377,77.163
505,1387,63.200
505,1371,99.919
505,1369,79.782
506,4834,39.563
506,2223,33.440
506,5270,162.304
507,573,88.286
507,2248,250.446
507,5265,111.003
508,1621,73.969
508,1620,45.367
508,1609,58.190
508,1605,118.208
509,3429,147.515
509,3025,79.103
509,553,51.987
509,514,209.655
510,6500,11.825
510,531,39.180
511,6043,23.994
511,474,12.709
511,493,125.745
512,515,73.807
512,1576,72.072
512,1566,133.361
512,1574,73.132
513,479,109.878
513,451,94.693
513,4852,49.035
514,3030,77.285
514,3432,81.324
514,509,209.655
514,569,192.188
515,512,73.807
515,550,155.235
515,552,114.543
515,3988,64.131
516,7153,64.749
517,549,184.350
517,4847,126.198
517,4849,795.319
518,459,87.490
518,483,222.022
518,583,81.182
519,578,58.225
519,5864,276.178
519,5066,136.400
519,5074,50.416
520,4575,11.527
520,4572,195.673
521,1590,60.828
521,527,156.528
521,441,220.656
521,1599,40.418
522,548,63.740
522,554,25.612
523,2762,12.227
523,2764,57.948
523,458,234.427
524,6342,63.398
524,453,197.041
524,1537,73.775
525,543,11.462
525,4132,124.307
525,583,128.689
526,2258,104.913
526,555,338.057
526,2266,72.659
527,521,156.528
527,4523,85.008
527,502,185.593
528,492,190.243
528,1291,110.994
528,1274,123.489
529,2264,37.985
529,555,97.364
529,2261,95.503
530,447,216.321
530,1553,63.223
530,1560,60.905
531,4628,87.607
531,1370,14.562
531,510,39.180
532,4201,106.457
532,451,125.898
533,484,30.767
533,6873,11.788
533,5570,97.786
534,1633,46.012
534,5704,234.266
534,6046,53.174
535,36,77.900
535,492,149.645
535,538,74.183
536,1611,62.912
536,6440,46.267
536,4526,39.399
537,6661,63.333
537,423,130.024
537,422,22.482
538,535,74.183
538,6462,31.950
539,5268,41.960
539,457,50.922
539,4834,53.609
540,4290,40.659
540,4207,38.181
540,4209,100.314
541,6044,109.647
541,4126,24.073
541,4116,194.176
542,4833,65.102
542,2208,50.019
542,4827,62.494
543,525,11.462
543,4128,25.667
543,4125,81.539
544,5256,18.512
544,4829,54.100
544,2211,64.090
545,1925,162.688
545,2163,60.774
545,477,119.076
546,566,52.967
546,1798,172.657
546,6443,272.164
547,2192,96.961
547,432,38.065
547,4082,63.588
548,434,197.212
548,522,63.740
548,2404,37.878
549,480,117.937
549,4851,2.910
549,4079,120.961
549,517,184.350
550,515,155.235
550,1554,14.246
550,552,131.982
551,1582,66.604
551,470,212.974
551,502,222.487
552,1559,64.880
552,1566,74.817
552,515,114.543
552,550,131.982
553,6816,18.791
553,6818,12.436
553,6817,16.309
553,509,51.987
554,522,25.612
554,4151,53.016
555,2267,50.839
555,529,97.364
555,526,338.057
556,903,181.029
556,1798,34.473
556,1800,71.225
557,581,110.874
557,4203,153.912
557,501,131.805
557,2249,125.262
558,4731,29.309
558,2165,105.541
559,1605,107.286
559,1589,73.752
559,4524,59.760
560,4564,96.232
560,459,134.405
560,583,297.186
561,5700,18.163
561,460,126.496
562,4124,38.707
562,588,48.511
562,5865,176.260
562,4761,19.636
563,1230,23.631
563,516,84.040
564,4722,39.336
564,1737,39.592
565,1608,64.506
565,1609,66.910
565,1598,45.469
566,1799,90.570
566,1815,29.802
566,546,52.967
567,1352,138.118
567,4027,10.843
567,1385,58.236
568,6222,128.683
568,465,98.934
568,5048,72.348
569,2755,336.188
569,3031,80.393
569,514,192.188
569,3436,97.974
570,582,101.687
570,94,78.635
570,474,238.209
571,427,10.907
571,4476,62.817
571,455,57.649
572,4849,130.437
573,472,89.018
573,507,88.286
573,6325,249.112
573,454,41.168
574,2718,229.030
574,487,50.276
574,2761,103.483
575,479,112.216
575,461,246.327
576,6245,176.848
576,4555,164.718
577,1562,66.124
577,441,217.669
577,1560,109.939
577,1571,65.807
578,6893,63.796
578,519,58.225
578,5077,129.862
579,1633,49.475
579,1802,61.736
579,1621,162.815
579,1622,71.803
580,1397,57.622
580,456,55.092
580,1033,59.658
580,1031,176.583
581,4204,151.628
581,2268,132.776
581,557,110.874
582,570,101.687
582,6043,100.801
582,4126,66.592
583,452,219.749
583,518,81.182
583,560,297.186
583,525,128.689
584,436,46.670
584,2242,124.736
584,4728,56.436
585,1601,62.272
585,5711,64.556
585,1593,136.259
586,4914,5.863
586,3413,62.648
586,4932,64.994
587,2263,40.791
587,2281,58.401
587,4297,36.032
588,5277,26.489
588,4122,60.321
588,562,48.511
589,1805,40.087
589,4732,15.965
589,1751,136.510
589,5253,131.005
590,3498,47.781
590,3505,36.925
591,2429,32.709
591,592,735.219
592,6511,330.603
592,2450,83.118
592,2447,36.293
592,591,735.219
593,2480,77.020
593,6509,281.324
594,921,18.492
594,605,252.281
594,3844,45.357
595,597,238.400
595,3420,185.312
595,3408,83.436
595,5592,86.358
596,597,61.946
596,604,177.389
596,5588,168.919
597,596,61.946
597,6904,14.362
597,595,238.400
598,608,195.376
598,728,37.043
598,600,29.000
599,602,36.510
599,3463,20.249
599,3467,51.926
600,1091,39.694
600,598,29.000
600,611,211.583
601,921,128.208
601,919,64.986
601,605,70.347
602,620,141.053
602,599,36.510
602,917,39.758
603,606,46.800
603,609,186.208
603,733,53.393
604,596,177.389
605,601,70.347
605,594,252.281
606,603,46.800
606,743,193.962
606,735,61.568
607,907,73.669
608,598,195.376
608,611,46.032
608,1043,39.014
609,1014,57.350
609,734,9.271
609,603,186.208
610,731,55.657
610,5914,92.654
610,619,35.168
611,608,46.032
611,620,34.463
611,5914,46.250
611,600,211.583
612,627,641.799
612,5591,65.031
613,735,53.066
613,622,68.555
613,741,125.476
614,615,81.885
614,2748,42.829
614,972,21.894
615,623,36.080
615,614,81.885
615,616,35.723
616,618,16.604
616,615,35.723
616,617,98.660
617,616,98.660
617,639,205.881
617,638,294.230
617,3114,260.714
618,623,35.537
618,641,208.415
619,631,91.289
619,626,52.994
619,610,35.168
620,602,141.053
620,624,36.793
620,611,34.463
621,900,167.904
622,642,173.409
622,613,68.555
622,3430,43.580
622,6535,141.562
623,615,36.080
623,618,35.537
623,6458,200.165
624,739,67.427
624,620,36.793
624,917,140.702
625,756,204.809
626,637,143.964
626,907,50.113
626,619,52.994
627,922,36.100
627,920,71.947
627,612,641.799
628,736,58.449
628,740,41.186
628,1006,142.685
629,6444,71.693
629,924,244.536
629,632,19.197
630,646,142.363
630,740,39.281
630,1000,40.048
631,635,59.941
631,619,91.289
631,5914,72.578
632,916,72.683
632,759,199.836
632,629,19.197
633,5914,83.612
633,635,108.548
634,744,42.548
634,743,41.743
634,733,177.611
634,645,73.704
635,631,59.941
635,637,54.641
636,915,134.042
636,635,18.528
637,626,143.964
637,638,75.646
638,639,93.640
638,617,294.230
638,640,21.827
639,617,205.881
639,641,92.163
639,1236,20.983
640,923,228.420
640,3812,60.358
641,648,80.167
641,914,17.442
642,766,180.416
642,622,173.409
642,749,62.115
643,650,180.013
643,755,40.348
643,744,44.998
644,5558,80.571
644,736,148.397
644,750,44.236
644,1006,57.035
645,1003,44.298
645,634,73.704
645,1004,100.477
646,630,142.363
646,647,40.278
646,753,37.867
647,1000,144.303
647,1005,42.290
647,646,40.278
648,6458,11.479
648,906,17.359
649,652,38.931
649,4601,35.734
649,4608,70.995
650,643,180.013
650,1007,40.764
650,750,45.232
651,999,162.675
651,652,160.277
651,760,39.911
651,1005,40.951
652,762,40.209
652,649,38.931
652,651,160.277
653,3460,86.785
653,3456,97.834
653,655,26.710
654,1238,74.468
654,1242,139.622
654,1002,72.898
655,763,131.464
655,653,26.710
655,1001,42.443
656,781,213.668
656,1009,62.444
656,1010,70.102
657,676,170.733
657,1010,75.765
657,765,69.318
658,677,211.679
658,765,75.060
658,661,69.904
659,3461,63.734
659,663,62.208
659,786,226.181
659,3453,200.267
660,672,106.671
660,664,40.075
660,997,40.926
661,784,211.994
661,658,69.904
661,662,75.739
662,1001,14.768
662,661,75.739
662,669,59.621
663,679,222.011
663,659,62.208
663,665,61.864
664,673,95.716
664,769,52.684
664,660,40.075
665,663,61.864
665,666,62.474
665,964,219.595
666,665,62.474
666,959,66.843
666,958,214.499
667,959,54.150
667,668,42.347
667,5555,129.168
668,686,220.178
668,667,42.347
668,671,39.333
669,6534,42.454
669,1270,163.302
669,6549,39.154
669,662,59.621
670,1002,71.660
670,1271,72.456
670,688,213.051
671,668,39.333
671,772,39.450
671,685,203.817
672,683,158.802
672,660,106.671
672,775,38.985
672,673,39.276
673,684,158.965
673,664,95.716
673,672,39.276
673,776,47.892
674,1278,45.546
674,1038,17.165
674,1243,209.811
674,789,177.230
675,1282,56.834
675,1276,15.589
675,1307,146.783
676,657,170.733
676,777,70.675
676,778,74.593
677,805,212.445
677,658,211.679
677,784,70.876
677,783,72.006
678,784,76.203
678,5992,77.559
678,6549,112.841
679,663,222.011
679,786,62.090
679,964,60.385
679,692,182.330
680,1016,172.523
680,783,40.019
680,1017,70.809
681,967,26.974
681,958,67.944
681,5556,71.103
682,787,50.501
682,689,37.235
682,968,24.193
683,672,158.802
683,969,38.227
683,684,40.129
684,673,158.965
684,683,40.129
684,788,41.079
685,671,203.817
685,686,40.626
685,787,43.450
686,668,220.178
686,966,35.993
686,685,40.626
687,688,72.059
687,6907,70.444
687,816,214.109
687,1271,211.441
688,687,72.059
688,818,213.229
688,670,213.051
689,690,181.853
689,682,37.235
689,793,42.652
690,689,181.853
690,795,41.144
690,788,39.910
691,3891,46.793
691,5991,79.126
691,5992,75.889
692,679,182.330
692,785,215.268
692,696,46.461
693,5988,181.461
693,797,37.856
693,697,38.526
694,806,64.869
694,3891,14.528
694,702,58.572
695,808,28.516
696,960,37.555
696,970,212.405
696,692,46.461
697,814,181.523
697,693,38.526
697,817,41.377
698,700,61.650
698,813,61.678
698,6540,203.681
699,831,192.102
700,703,61.396
700,698,61.650
700,709,153.410
701,821,71.492
701,3897,73.448
701,1020,70.801
701,702,122.074
702,701,122.074
702,694,58.572
702,707,73.979
703,700,61.396
703,1027,105.448
703,706,120.696
704,708,66.346
704,817,88.327
704,814,128.302
705,961,254.884
706,1027,130.155
706,824,86.855
706,703,120.696
707,820,61.197
707,702,73.979
707,5236,20.608
708,963,171.987
708,704,66.346
708,822,44.985
709,1027,75.951
709,6540,73.168
709,700,153.410
709,1024,85.102
710,6540,5.310
710,6533,148.934
710,828,58.713
711,837,71.574
711,1022,71.978
711,721,212.591
711,1020,211.788
712,1026,80.405
712,4547,64.979
712,724,134.844
712,713,75.101
713,1026,68.430
713,714,57.804
713,712,75.101
714,725,78.899
714,1028,108.912
714,1029,61.005
714,713,57.804
715,827,239.616
715,1396,33.306
715,846,75.207
716,848,147.589
716,838,177.587
716,4581,18.902
716,1029,59.423
717,718,71.702
717,835,212.964
717,850,212.588
718,719,71.958
718,717,71.702
718,851,212.601
718,834,214.317
719,116,183.483
719,1021,212.912
719,720,72.025
719,718,71.958
720,115,153.145
720,1022,212.937
720,721,71.661
720,719,72.025
721,711,212.591
721,722,72.086
721,720,71.661
722,837,212.586
722,723,63.074
722,721,72.086
723,722,63.074
723,846,7.783
723,727,165.294
724,957,60.741
724,726,161.285
724,712,134.844
724,725,174.446
725,726,57.990
725,714,78.899
725,724,174.446
726,956,60.327
726,725,57.990
726,847,60.265
726,724,161.285
727,114,23.332
727,723,165.294
728,1043,185.626
728,3469,37.493
728,598,37.043
729,731,106.709
730,4516,10.662
730,3420,104.411
730,612,101.055
731,907,67.483
731,729,106.709
731,610,55.657
732,745,194.264
732,1013,41.772
732,734,45.043
733,1013,44.378
733,634,177.611
733,603,53.393
734,746,203.985
734,732,45.043
734,609,9.271
735,613,53.066
735,742,151.729
735,606,61.568
736,644,148.397
736,1015,40.083
736,628,58.449
736,3438,32.728
737,627,17.409
738,1000,40.200
738,1005,145.092
738,4600,114.033
739,624,67.427
739,633,68.325
739,1046,28.274
740,628,41.186
740,630,39.281
740,753,142.994
741,749,76.388
741,613,125.476
741,742,42.386
742,735,151.729
742,743,46.442
742,741,42.386
743,634,41.743
743,742,46.442
743,1003,74.198
743,606,193.962
744,745,44.031
744,634,42.548
744,1013,184.179
744,643,44.998
745,732,194.264
745,746,44.477
745,744,44.031
746,734,203.985
746,748,46.176
746,745,44.477
747,4520,28.985
747,910,60.352
747,1235,187.610
748,750,45.025
748,746,46.176
748,1014,180.120
749,767,192.408
749,741,76.388
749,751,44.071
749,642,62.115
750,644,44.236
750,748,45.025
750,650,45.232
750,1015,158.358
751,768,199.086
751,1003,43.002
751,749,44.071
752,4601,35.340
752,763,112.034
752,4602,72.137
753,740,142.994
753,646,37.867
753,1006,41.232
754,737,172.041
754,185,81.949
755,1007,180.671
755,757,38.228
755,643,40.348
756,625,204.809
756,5590,117.763
757,1011,179.781
757,761,44.787
757,755,38.228
758,1009,59.556
758,999,41.295
758,760,161.991
758,5558,58.439
759,5192,9.236
759,161,49.938
760,651,39.911
760,762,159.166
760,758,161.991
761,998,177.363
761,1004,43.433
761,764,38.314
761,757,44.787
762,652,40.209
762,763,39.730
762,760,159.166
763,752,112.034
763,655,131.464
763,762,39.730
764,997,43.178
764,774,128.471
764,761,38.314
765,778,169.932
765,657,69.318
765,658,75.060
766,959,45.813
766,642,180.416
766,767,63.558
767,768,44.846
767,766,63.558
767,749,192.408
768,770,46.223
768,767,44.846
768,751,199.086
769,776,82.943
769,998,38.450
769,664,52.684
770,771,41.537
770,768,46.223
770,1003,206.430
771,770,41.537
771,1004,110.954
771,773,48.077
772,671,39.450
772,773,22.255
772,787,186.712
773,772,22.255
773,774,50.308
773,771,48.077
774,773,50.308
774,775,38.485
774,968,159.244
774,764,128.471
775,969,158.915
775,997,116.398
775,774,38.485
775,672,38.985
776,673,47.892
776,788,159.864
776,769,82.943
777,1010,171.587
777,782,41.646
777,676,70.675
778,783,41.797
778,765,169.932
778,676,74.593
779,796,187.206
779,1009,213.044
779,781,61.504
779,780,62.969
780,779,62.969
780,796,237.055
780,1009,267.399
781,656,213.668
781,799,197.368
781,782,71.828
781,779,61.504
782,781,71.828
782,777,41.646
782,1018,40.807
783,778,41.797
783,677,72.006
783,680,40.019
784,678,76.203
784,677,70.876
784,661,211.994
784,806,211.656
785,786,57.337
785,6546,39.385
785,692,215.268
786,785,57.337
786,679,62.090
786,659,226.181
787,685,43.450
787,682,50.501
787,772,186.712
788,690,39.910
788,776,159.864
788,684,41.079
789,810,147.639
789,1314,36.012
789,674,177.230
790,792,39.204
790,6016,39.546
790,6015,88.281
791,5305,15.135
791,792,38.454
791,801,110.086
792,801,81.842
792,790,39.204
792,791,38.454
793,795,181.800
793,689,42.652
793,797,38.247
794,812,115.145
794,1314,28.107
794,1319,30.318
795,793,181.800
795,800,41.658
795,690,41.144
796,779,187.206
796,799,63.275
796,780,237.055
797,800,181.123
797,793,38.247
797,693,37.856
798,1319,42.124
798,4485,14.007
798,1035,75.919
799,781,197.368
799,796,63.275
799,802,72.323
800,797,181.123
800,795,41.658
800,5988,41.747
801,811,51.665
801,792,81.842
801,803,39.079
801,791,110.086
802,799,72.323
802,1018,169.458
802,1008,75.602
803,801,39.079
803,5554,40.703
803,6016,52.383
804,5554,15.802
805,677,212.445
805,1016,72.142
805,806,72.432
806,805,72.432
806,694,64.869
806,784,211.656
807,965,67.120
807,811,102.645
807,967,153.828
807,119,178.332
808,695,28.516
808,809,61.994
808,825,206.731
809,1025,206.600
809,813,65.110
809,808,61.994
810,789,147.639
810,827,209.668
810,812,55.275
811,1037,158.723
811,801,51.665
811,807,102.645
811,815,109.173
812,794,115.145
812,1035,61.964
812,810,55.275
812,829,210.013
813,828,207.292
813,4579,29.875
813,698,61.678
813,809,65.110
814,697,181.523
814,5988,40.430
814,704,128.302
815,962,171.002
815,817,26.152
815,811,109.173
816,837,209.868
816,687,214.109
816,818,73.540
816,1020,71.075
817,819,68.266
817,697,41.377
817,815,26.152
817,704,88.327
818,816,73.540
818,688,213.229
818,836,208.566
819,833,118.112
819,817,68.266
819,822,43.893
820,1021,140.077
820,707,61.197
820,821,71.607
821,1022,140.339
821,701,71.492
821,820,71.607
822,118,144.417
822,819,43.893
822,708,44.985
823,5236,22.476
823,834,98.514
824,835,70.577
824,706,86.855
824,5237,64.204
824,826,64.937
825,1025,62.474
825,4580,28.780
825,843,229.814
825,808,206.731
826,838,72.608
826,824,64.937
826,1024,142.970
827,810,209.668
827,715,239.616
827,829,55.281
828,813,207.292
828,710,58.713
828,1025,62.462
829,827,55.281
829,1034,61.439
829,845,223.655
829,812,210.013
830,438,197.808
830,1034,57.064
830,831,57.361
830,4485,298.990
831,1033,184.821
831,699,192.102
831,830,57.361
831,1031,56.548
832,839,77.190
832,1032,69.640
832,1348,152.326
832,1351,154.803
833,819,118.112
833,962,32.102
834,1021,72.599
834,835,69.576
834,718,214.317
834,823,98.514
835,834,69.576
835,824,70.577
835,717,212.964
836,837,72.892
836,818,208.566
836,846,215.701
837,722,212.586
837,816,209.868
837,836,72.892
837,711,71.574
838,716,177.587
838,826,72.608
838,840,68.696
839,842,80.682
839,832,77.190
839,4484,128.383
840,1029,143.742
840,838,68.696
840,1023,34.163
841,4547,82.244
841,6533,8.277
841,4537,119.719
842,844,41.936
842,839,80.682
842,4624,192.240
843,961,90.857
843,825,229.814
844,456,37.503
844,842,41.936
844,1381,80.114
845,1396,25.892
845,829,223.655
845,1395,22.061
846,836,215.701
846,723,7.783
846,715,75.207
847,1029,142.858
847,848,60.026
847,726,60.265
848,849,61.914
848,716,147.589
848,847,60.026
849,848,61.914
849,956,126.664
850,717,212.588
850,849,59.625
851,718,212.601
851,850,73.175
852,6508,120.516
853,852,158.702
853,4519,445.469
854,857,162.862
854,853,83.978
855,859,163.900
855,4045,65.516
856,855,169.870
857,860,135.843
857,852,83.952
858,4042,271.919
859,860,167.458
860,1515,83.922
860,426,112.819
861,868,52.158
861,110,21.864
862,863,86.794
862,6772,15.632
863,862,86.794
863,4589,24.101
864,4589,25.733
864,863,31.372
865,103,22.911
865,2436,175.520
866,861,3.640
867,865,41.105
868,6526,8.039
868,4035,298.315
868,6525,25.750
869,888,48.594
869,882,58.680
869,887,62.973
870,888,14.187
871,3321,66.593
871,882,66.772
871,878,100.041
872,3273,70.019
872,874,74.144
872,884,51.970
873,886,24.914
874,5970,53.675
874,875,55.780
874,872,74.144
875,5967,22.435
875,3278,69.547
875,874,55.780
876,5199,74.334
876,6823,26.078
876,6241,34.751
876,879,63.086
877,3230,167.650
877,5206,12.893
877,3227,57.846
878,3300,63.157
878,871,100.041
878,3278,81.330
879,3219,263.608
879,880,41.557
879,876,63.086
880,6686,60.116
880,881,33.543
880,879,41.557
881,2775,85.805
881,3227,46.540
881,880,33.543
882,869,58.680
882,3324,39.501
882,871,66.772
883,3201,117.102
883,6820,11.296
884,5969,9.886
884,872,51.970
884,975,36.017
885,887,56.653
885,886,75.302
885,889,62.965
886,873,24.914
886,887,28.619
886,885,75.302
887,886,28.619
887,885,56.653
887,869,62.973
888,869,48.594
888,870,14.187
888,889,52.022
889,888,52.022
889,885,62.965
889,5968,23.788
890,4554,19.253
890,1512,182.275
891,7154,58.495
891,3857,139.004
892,6663,122.366
892,4554,253.977
893,7152,45.697
893,7154,18.828
894,3383,53.711
894,912,550.653
895,151,41.325
895,5986,21.891
896,149,131.687
897,896,26.118
897,899,16.449
898,899,23.178
898,896,16.473
899,4464,9.791
900,621,167.904
900,7178,37.914
901,6353,37.329
901,905,108.699
902,1711,34.916
902,1769,37.111
902,1722,120.205
903,1786,73.197
903,1772,344.435
904,1769,378.199
904,905,331.362
905,904,257.372
906,3848,33.776
906,914,81.339
906,3853,46.926
906,648,17.359
907,626,50.113
907,607,73.669
907,731,67.483
908,632,69.973
908,6444,22.574
909,163,181.620
910,4520,73.830
910,6458,72.694
910,747,60.352
910,7030,63.960
911,913,16.344
911,3469,38.038
911,3467,128.588
911,1092,38.293
912,917,62.402
912,739,139.413
913,911,16.344
914,6457,34.611
914,1236,93.768
914,641,17.442
915,909,33.035
915,1046,22.817
916,185,185.208
916,737,69.414
917,602,39.758
917,912,62.402
917,624,140.702
918,1290,58.267
918,157,27.637
919,921,93.179
919,601,64.986
919,926,48.371
920,924,110.816
920,629,68.584
921,594,18.492
921,601,128.208
921,919,93.179
922,924,66.161
922,605,77.839
923,164,67.345
924,920,110.816
924,922,66.161
924,629,244.536
925,5588,86.570
925,942,253.442
926,919,48.371
926,3844,83.081
927,936,48.492
927,945,97.621
927,931,78.605
928,5198,63.306
929,938,133.280
930,946,95.967
931,944,101.940
931,6276,60.155
931,927,78.605
932,883,25.685
932,6820,18.526
933,4464,45.355
934,939,96.118
934,946,44.743
934,3536,45.245
935,3531,29.103
935,3540,50.475
935,5628,30.258
936,949,97.849
936,927,48.492
936,948,84.591
937,928,16.197
937,6820,6.774
937,6819,12.342
938,929,133.280
938,3536,43.278
938,5628,26.803
939,934,96.118
940,948,97.312
941,4881,72.028
941,943,214.559
941,955,12.077
942,6797,52.287
942,6452,184.745
943,932,192.584
943,3206,74.051
944,931,101.940
945,927,97.621
946,930,95.967
946,934,44.743
946,948,48.564
947,3536,96.368
948,940,97.312
948,936,84.591
948,946,48.564
949,936,97.849
950,3739,96.961
951,996,105.795
951,954,337.089
952,996,365.005
952,954,86.330
952,5169,58.847
953,6869,15.885
953,6868,11.944
954,952,86.330
954,2007,58.953
954,951,337.089
955,3220,81.991
955,3231,215.779
955,941,12.077
956,726,60.327
956,957,191.414
957,724,60.741
957,117,110.291
958,964,64.372
958,681,67.944
958,965,196.158
958,666,214.499
959,766,45.813
959,666,66.843
959,667,54.150
959,5556,135.311
960,965,64.633
960,696,37.555
960,964,207.541
