u,v,w
0,32,221.325
0,1290,124.783
0,1278,78.059
1,755,58.756
1,9,127.572
2,2236,61.491
2,190,199.955
3,5,61.959
3,1001,112.564
3,2348,125.428
4,80,7.415
4,2163,255.431
4,2150,574.366
5,3,61.959
5,1000,68.480
6,2150,179.751
6,2184,184.199
6,2193,181.213
7,56,21.507
7,803,37.533
8,754,66.873
9,14,40.260
9,757,46.684
10,8,967.182
11,756,71.600
12,781,15.084
12,482,138.811
13,530,703.287
13,17,93.533
13,2359,665.296
14,2357,34.195
14,802,233.047
15,86,136.827
15,2166,239.868
16,20,202.390
17,1260,196.676
17,2484,628.120
17,13,93.533
18,477,105.052
19,2350,120.326
19,11,56.717
20,777,17.934
21,68,62.406
21,773,48.730
22,21,14.872
23,61,20.108
23,24,38.778
24,1003,64.138
24,23,38.778
25,59,30.026
25,16,48.963
26,2116,95.004
26,1479,75.857
27,1961,25.975
27,748,109.430
28,415,112.227
28,29,98.523
28,403,92.940
29,943,88.472
29,395,100.023
29,28,98.523
29,405,91.890
30,1181,67.048
30,921,110.806
30,918,32.583
30,38,92.522
31,962,94.502
31,392,133.306
31,966,150.311
32,2372,91.247
32,0,221.325
32,1302,109.419
33,360,282.362
33,340,217.978
34,1283,25.653
34,1282,42.689
34,2379,75.949
35,49,99.361
35,1184,56.839
36,604,1349.516
36,830,30.593
37,857,402.909
37,1639,89.653
38,48,95.501
38,43,303.627
38,957,106.774
39,2473,177.546
39,764,55.715
39,692,1538.637
39,335,270.019
40,1183,49.822
40,954,68.080
41,43,114.773
41,48,235.522
42,859,35.791
42,354,243.229
42,343,113.983
43,27,119.240
43,38,303.627
44,52,249.502
44,399,135.517
44,965,174.650
45,760,141.739
45,328,94.281
46,747,48.998
47,41,112.697
47,382,81.887
47,52,169.207
48,956,107.936
48,52,92.600
49,35,99.361
49,47,118.692
50,949,129.416
50,277,202.755
51,492,29.418
52,35,94.064
52,47,169.207
52,44,249.502
53,51,136.699
53,1002,23.211
54,733,36.080
55,753,10.180
56,2486,16.487
56,166,28.900
57,1898,73.908
57,182,21.043
57,2247,66.409
58,187,230.452
58,190,297.455
59,157,44.797
59,16,68.928
60,2380,11.740
60,62,70.416
61,464,128.871
61,463,141.351
62,1963,260.427
62,60,70.416
63,758,190.085
63,20,72.595
64,2366,2.851
64,1571,285.051
64,122,120.121
65,79,286.258
65,73,21.152
65,66,131.005
66,932,62.920
66,2343,404.738
66,65,131.005
67,1826,42.715
67,71,38.420
67,72,214.760
68,521,66.834
68,21,62.406
68,772,48.830
69,1568,168.718
70,2016,286.460
70,1042,29.204
70,79,64.658
71,67,38.420
71,1828,71.646
71,1827,87.439
72,67,214.760
73,782,99.172
73,1564,235.860
73,65,21.152
74,263,96.447
74,267,107.979
74,1564,298.622
75,931,110.278
75,2395,564.962
75,79,86.066
76,2395,585.627
76,78,316.844
76,1570,174.200
77,661,346.518
77,151,83.807
77,1605,57.085
78,76,316.844
78,124,34.093
78,1797,49.007
79,70,64.658
79,65,286.258
79,75,86.066
80,4,7.415
80,82,336.553
80,2168,33.279
81,113,513.488
82,80,336.553
82,2175,58.369
82,113,769.915
83,1991,33.820
83,2180,345.454
83,2182,365.715
84,104,1026.958
84,2158,214.551
84,2166,308.926
84,2163,699.999
85,2179,429.310
86,15,136.827
87,1758,184.939
87,91,412.984
87,2213,316.888
88,93,72.433
88,2048,234.511
88,1709,108.794
89,2216,512.620
89,91,207.376
89,2210,130.031
90,1088,185.471
90,2216,2081.049
90,1087,89.196
91,2214,4.191
91,87,412.984
91,89,207.376
92,2439,3554.122
93,2434,127.062
93,88,72.433
93,1742,236.305
94,729,270.718
94,1732,162.323
94,1731,231.064
95,2440,19.658
95,1089,5640.882
95,1906,241.093
96,2419,845.457
96,2403,1978.731
96,2422,98.100
97,114,72.228
97,110,71.117
97,115,154.805
98,99,143.309
99,114,62.475
99,110,71.727
99,98,143.309
100,119,40.721
100,106,246.472
100,2424,168.972
101,2411,260.271
101,2431,156.928
101,1018,632.033
102,114,59.510
103,855,844.678
103,109,423.292
103,2141,149.182
104,2138,136.804
104,84,1026.958
104,2169,496.851
105,120,39.905
105,2404,392.918
105,115,138.697
106,109,325.325
106,100,246.472
106,2420,90.592
107,2137,124.346
107,119,421.810
107,2138,298.295
108,2192,21.308
108,1992,112.414
108,1991,45.962
109,103,423.292
109,106,325.325
109,2142,812.254
110,97,71.117
110,99,71.727
110,2138,504.103
111,113,184.114
112,118,70.435
112,1993,90.655
112,116,197.276
113,81,513.488
113,82,769.915
113,111,184.114
114,97,72.228
114,102,59.510
114,99,62.475
115,120,118.058
115,97,154.805
115,105,138.697
116,112,197.276
117,2168,201.244
118,112,70.435
119,100,40.721
119,2403,79.881
119,107,421.810
120,105,39.905
120,2139,198.718
120,115,118.058
121,2176,316.100
121,2178,93.956
121,2171,117.551
122,779,142.083
122,2366,142.915
122,64,120.121
123,1574,13.526
123,124,216.992
123,1572,232.637
124,1792,11.035
124,78,34.093
124,123,216.992
125,1594,163.453
125,266,92.600
125,270,168.131
126,131,26.892
126,130,151.370
126,128,127.557
127,270,50.499
127,135,85.635
127,267,93.902
128,930,136.142
128,1594,64.727
128,126,127.557
129,130,195.707
129,1592,94.377
129,1593,262.177
130,1203,268.824
130,129,195.707
130,126,151.370
131,1595,465.085
131,126,26.892
131,930,289.219
132,1595,362.114
133,257,178.726
133,1590,73.615
134,1593,119.480
134,133,44.812
135,127,85.635
135,1599,17.146
135,273,103.726
136,933,223.052
136,1043,367.545
136,780,217.701
137,255,159.553
137,140,26.175
138,255,88.688
138,247,261.515
139,140,13.702
139,248,127.530
139,1611,266.665
140,139,13.702
140,1039,117.470
140,137,26.175
141,244,35.598
141,1610,189.362
141,1611,25.198
142,293,86.841
142,1482,187.900
142,145,116.036
142,1485,167.744
143,939,44.290
143,290,29.779
143,796,77.227
144,1907,28.295
144,149,141.618
144,934,62.304
145,1204,35.794
145,142,116.036
145,146,36.074
146,290,42.922
146,282,168.204
146,145,36.074
147,1907,222.912
147,281,578.582
147,260,161.131
148,150,109.510
148,1079,80.449
149,144,141.618
149,1206,227.727
149,1078,58.777
150,538,8.526
151,272,383.225
151,77,83.807
151,152,429.875
152,793,316.357
152,153,219.460
152,151,429.875
153,152,219.460
153,1604,264.752
154,272,48.097
154,782,40.707
154,1044,357.097
155,774,342.881
156,1630,62.394
156,1628,83.633
156,1631,152.239
157,160,49.429
157,19,83.625
158,2361,22.311
158,1660,85.422
159,776,40.243
160,157,49.429
160,997,41.538
160,451,230.822
160,776,290.528
161,798,45.274
162,223,12.568
162,222,37.352
162,2363,1185.802
163,1545,192.355
163,164,456.716
163,1878,69.101
164,2394,14.076
164,1541,47.901
164,163,456.716
165,1553,515.249
165,1539,207.200
165,2078,189.118
166,1633,928.929
167,1803,339.999
167,1779,79.888
167,171,280.069
168,169,11.832
169,168,11.832
169,1889,62.960
169,171,162.848
170,1803,46.365
171,169,162.848
171,167,280.069
171,176,175.074
172,173,37.353
172,1889,116.189
172,175,115.964
173,172,37.353
173,1889,249.663
173,176,94.537
174,178,504.904
175,177,157.082
175,179,295.313
175,172,115.964
176,177,100.652
176,173,94.537
176,171,175.074
177,176,100.652
177,175,157.082
177,1890,76.385
177,184,275.286
178,174,504.904
178,2234,115.143
178,2088,190.222
179,1900,43.791
179,181,175.963
179,175,295.313
180,182,18.569
180,2234,19.422
180,1697,75.452
180,2250,8.988
181,183,16.371
181,1697,50.518
181,179,175.963
182,180,18.569
182,2250,19.215
182,57,21.043
183,181,16.371
183,2144,84.137
184,1891,270.216
184,177,275.286
184,185,24.763
185,1900,127.332
185,184,24.763
185,2147,215.989
186,191,526.975
186,187,134.232
187,188,5.507
187,186,134.232
187,58,230.452
188,187,5.507
188,1897,303.602
188,189,89.695
189,190,208.362
189,1888,227.647
189,188,89.695
190,189,208.362
190,58,297.455
190,2,199.955
191,186,526.975
191,1228,853.442
191,1053,159.750
192,194,207.579
193,194,24.838
193,1071,169.178
193,1864,80.307
194,197,54.323
194,193,24.838
194,192,207.579
195,2239,28.499
195,198,28.594
195,196,25.333
196,2240,68.771
196,2241,43.665
196,195,25.333
197,201,43.815
197,2239,152.645
197,1859,92.825
197,194,54.323
198,195,28.594
198,2239,10.133
198,203,88.316
199,214,174.910
200,201,109.393
200,1856,53.294
200,1860,38.121
201,200,109.393
201,197,43.815
201,203,143.006
202,203,58.777
202,2240,19.820
202,209,142.036
203,202,58.777
203,201,143.006
203,198,88.316
203,211,237.718
204,1885,351.520
205,206,49.434
206,205,49.434
206,2448,27.092
206,207,17.389
207,215,102.347
207,208,73.023
207,206,17.389
208,207,73.023
209,210,30.941
209,212,24.938
209,202,142.036
210,209,30.941
210,211,67.470
210,2099,69.836
211,210,67.470
211,216,44.276
211,203,237.718
212,214,61.790
212,209,24.938
212,2240,142.501
213,1050,71.779
214,212,61.790
214,219,126.680
214,199,174.910
215,216,111.101
215,223,164.947
215,207,102.347
216,215,111.101
216,211,44.276
216,2099,28.102
217,2099,45.840
217,221,43.773
217,1905,96.000
218,222,75.383
219,214,126.680
219,221,124.040
219,220,48.718
220,1885,31.367
220,219,48.718
220,2243,193.172
221,217,43.773
221,223,121.423
221,219,124.040
222,2021,16.078
222,218,75.383
222,162,37.352
223,162,12.568
223,221,121.423
223,215,164.947
224,226,51.741
224,225,113.721
224,1298,149.102
225,224,113.721
225,1049,352.247
225,1791,109.327
226,224,51.741
226,1798,72.687
226,1799,152.128
227,1299,164.091
227,1798,91.458
227,228,99.994
228,1580,408.125
228,229,109.142
228,227,99.994
229,228,109.142
229,1073,251.855
229,2366,350.819
230,998,125.490
230,1695,65.846
230,232,129.367
231,232,123.561
231,1073,25.056
232,999,97.659
232,231,123.561
232,230,129.367
232,5,123.590
233,1580,86.551
233,236,73.487
233,235,40.132
234,1584,64.180
235,1048,79.509
235,242,199.847
235,233,40.132
236,239,167.286
236,233,73.487
236,237,135.407
236,1583,68.015
237,238,8.869
237,1581,77.079
237,236,135.407
238,237,8.869
238,239,45.852
239,236,167.286
239,242,81.611
239,238,45.852
240,244,76.160
241,250,104.165
242,235,199.847
242,245,44.623
242,239,81.611
243,245,143.014
244,141,35.598
244,1611,35.526
244,240,76.160
245,243,143.014
245,251,34.330
245,242,44.623
246,929,72.911
246,1047,172.035
246,249,82.171
247,1296,491.595
247,246,61.049
248,250,75.930
248,139,127.530
248,1043,221.853
249,254,73.174
249,251,222.766
250,241,104.165
250,253,38.867
250,248,75.930
251,261,150.145
251,245,34.330
252,258,125.852
253,250,38.867
254,249,73.174
254,259,126.620
254,929,84.092
255,137,159.553
255,138,88.688
256,257,14.898
256,929,77.806
256,928,241.009
257,256,14.898
257,133,178.726
257,1045,260.744
258,260,21.182
258,252,125.852
258,264,368.732
259,928,69.392
259,254,126.620
259,261,163.346
260,258,21.182
260,147,161.131
260,2008,66.541
261,259,163.346
261,262,47.574
262,264,180.258
262,928,164.933
263,266,307.813
263,74,96.447
263,265,104.465
264,258,368.732
264,134,159.590
265,268,129.296
265,267,71.771
265,263,104.465
266,125,92.600
266,263,307.813
266,1591,98.646
267,265,71.771
267,127,93.902
267,74,107.979
268,265,129.296
268,270,28.569
268,266,84.280
269,494,136.959
270,268,28.569
270,127,50.499
271,275,181.162
271,786,229.769
271,1607,244.953
272,154,48.097
272,1607,35.178
272,151,383.225
273,1602,119.488
273,135,103.726
273,786,49.915
274,1907,68.582
274,281,277.057
274,935,52.072
275,271,181.162
275,1607,284.576
275,786,480.266
276,279,133.312
277,279,64.229
277,50,202.755
277,1075,97.496
278,1608,811.102
278,1605,444.785
278,1293,68.172
279,277,64.229
279,789,24.748
279,276,133.312
280,284,51.505
280,289,281.525
280,2256,40.556
281,285,66.951
281,274,277.057
281,147,578.582
281,282,78.446
282,146,168.204
282,936,203.903
282,281,78.446
283,284,104.988
283,1602,198.104
283,1201,380.028
284,280,51.505
284,283,104.988
284,1202,283.846
284,2256,50.841
285,281,66.951
285,1204,59.056
285,286,99.784
286,285,99.784
287,2291,12.682
287,814,33.893
288,741,140.340
289,280,281.525
290,794,39.438
290,146,42.922
290,143,29.779
291,311,313.526
291,296,182.237
292,302,96.632
292,297,214.565
292,293,62.095
293,142,86.841
293,292,62.095
293,295,138.792
294,1608,20.276
294,299,62.076
294,300,142.285
295,2259,5.904
295,293,138.792
295,1485,29.380
296,742,127.278
296,323,448.787
296,291,182.237
297,298,104.731
297,304,87.139
297,292,214.565
298,297,104.731
298,1077,42.339
298,303,70.342
299,294,62.076
299,301,85.770
300,1604,26.299
300,306,157.922
300,294,142.285
301,1609,72.212
301,299,85.770
302,308,54.166
302,292,96.632
302,2259,240.041
302,303,71.394
303,305,42.316
303,298,70.342
303,302,71.394
304,792,217.854
304,305,220.937
304,297,87.139
305,304,220.937
305,307,25.384
305,303,42.316
306,315,75.687
306,300,157.922
306,906,1137.443
307,767,40.270
307,318,328.911
307,305,25.384
308,302,54.166
309,328,174.674
309,314,60.451
309,857,145.952
310,767,7.728
310,332,246.016
311,291,313.526
311,352,309.396
312,329,383.936
313,2119,18.960
314,2119,66.781
314,319,33.212
314,309,60.451
315,306,75.687
316,1478,74.596
317,337,269.032
317,1603,238.752
317,1202,125.446
318,307,328.911
318,1477,92.627
318,2069,131.323
319,320,83.222
319,327,47.303
319,314,33.212
320,319,83.222
320,330,47.403
320,2119,53.953
321,1194,49.857
321,858,30.434
321,326,62.581
322,349,222.257
322,328,133.113
322,324,45.912
323,296,448.787
323,325,24.102
324,858,23.721
324,349,208.149
324,322,45.912
325,323,24.102
325,339,89.001
326,336,59.517
326,321,62.581
326,345,152.088
327,331,50.534
327,319,47.303
327,1197,47.360
328,309,174.674
328,322,133.113
328,343,96.284
329,333,32.015
329,312,383.936
329,2115,175.536
330,334,24.325
330,320,47.403
330,331,58.023
331,327,50.534
331,1198,24.468
331,330,58.023
332,766,8.503
332,762,205.632
333,329,32.015
333,337,44.085
334,330,24.325
335,345,103.868
335,39,270.019
335,760,283.762
336,326,59.517
336,1195,33.886
336,1193,38.317
336,347,154.833
337,333,44.085
337,1477,169.025
337,317,269.032
338,342,44.959
339,342,141.702
339,325,89.001
339,344,54.244
340,342,46.692
340,2286,71.961
341,351,94.454
342,338,44.959
342,340,46.692
342,339,141.702
342,350,75.745
343,1197,75.233
343,328,96.284
343,42,113.983
344,353,89.824
344,351,74.776
344,339,54.244
345,335,103.868
345,861,515.605
345,326,152.088
346,348,24.982
347,348,72.075
347,336,154.833
347,2269,67.093
348,346,24.982
348,347,72.075
348,862,115.132
349,1193,207.340
349,322,222.257
349,1191,104.711
349,324,208.149
350,353,111.973
350,357,230.040
350,342,75.745
351,356,71.709
351,341,94.454
351,344,74.776
352,358,182.156
352,311,309.396
352,1188,96.604
353,350,111.973
353,356,80.443
353,344,89.824
354,42,243.229
354,862,171.401
354,867,511.635
355,859,52.858
356,353,80.443
356,2445,35.231
356,351,71.709
357,358,74.358
357,2445,42.202
357,350,230.040
358,357,74.358
358,360,72.562
358,352,182.156
359,363,188.047
359,749,96.496
360,33,282.362
360,358,72.562
360,952,87.851
360,362,116.969
361,951,30.258
362,1007,9.960
362,360,116.969
362,384,511.498
363,951,50.053
363,365,19.478
363,359,188.047
364,367,45.722
364,366,118.716
364,370,117.918
365,366,38.819
365,363,19.478
365,368,93.034
366,365,38.819
366,379,269.897
366,364,118.716
367,369,44.926
367,371,49.768
367,364,45.722
368,365,93.034
368,952,55.652
368,375,115.095
369,367,44.926
370,373,35.993
370,364,117.918
370,376,77.347
371,372,3.717
371,2120,81.281
371,367,49.768
372,373,34.312
372,371,3.717
372,2121,40.940
373,370,35.993
373,372,34.312
373,377,65.367
374,2121,24.070
374,377,40.756
374,2120,52.107
375,368,115.095
376,377,24.842
376,380,258.844
376,370,77.347
377,376,24.842
377,373,65.367
377,374,40.756
378,379,88.602
379,378,88.602
379,380,33.613
379,366,269.897
380,382,29.704
380,379,33.613
380,376,258.844
381,1006,25.812
382,383,92.338
382,47,81.887
382,380,29.704
383,382,92.338
383,386,109.310
383,953,144.361
383,49,145.682
384,386,36.418
384,385,17.122
384,362,511.498
385,1006,38.727
385,384,17.122
385,1005,59.092
385,1476,90.087
386,384,36.418
386,383,109.310
386,954,134.669
387,1476,24.088
387,955,31.660
387,388,203.369
388,1475,56.205
388,389,164.918
388,387,203.369
389,955,14.296
389,388,164.918
389,390,54.010
390,389,54.010
390,391,115.133
390,1013,96.553
391,959,28.542
391,390,115.133
391,1012,221.907
391,392,51.683
392,31,133.306
392,393,97.543
392,40,129.916
392,391,51.683
393,962,127.761
393,392,97.543
394,401,116.653
395,1164,70.557
395,29,100.023
395,1166,36.002
396,397,20.331
397,410,80.443
397,396,20.331
397,398,47.853
398,411,82.639
398,397,47.853
398,412,126.232
399,2275,10.411
399,44,135.517
399,407,104.915
400,965,61.262
400,966,41.709
400,408,48.716
401,394,116.653
401,402,77.430
401,404,55.417
402,1158,82.301
402,406,24.209
402,401,77.430
403,28,92.940
403,2275,11.573
403,420,132.736
404,1155,81.874
404,401,55.417
404,412,60.116
405,415,90.869
405,422,124.086
405,29,91.890
406,966,57.456
406,402,24.209
406,413,37.067
407,408,22.292
407,399,104.915
407,1153,204.185
408,407,22.292
408,400,48.716
408,416,132.529
409,410,17.152
410,397,80.443
410,409,17.152
410,411,48.475
411,398,82.639
411,414,41.341
411,410,48.475
412,414,19.905
412,398,126.232
412,404,60.116
413,406,37.067
413,416,19.878
413,418,144.993
414,412,19.905
414,411,41.341
414,2118,52.676
415,28,112.227
415,425,121.438
415,420,95.614
415,405,90.869
416,413,19.878
416,418,324.204
416,408,132.529
417,945,126.598
417,2275,100.592
417,421,39.583
418,416,324.204
418,423,69.217
418,413,144.993
419,967,65.006
419,1169,63.314
419,1163,10.059
420,415,95.614
420,403,132.736
420,944,44.882
421,428,336.210
421,431,250.407
421,417,39.583
422,967,26.448
422,425,94.878
422,405,124.086
423,424,31.512
423,418,69.217
423,428,126.196
424,1152,20.777
424,423,31.512
424,440,188.785
425,415,121.438
425,422,94.878
425,427,93.063
426,947,30.164
427,425,93.063
427,429,94.306
427,944,72.198
427,433,93.826
428,421,336.210
428,423,126.196
428,968,48.514
429,427,94.306
429,435,93.352
429,436,71.143
429,946,69.735
430,441,83.384
430,432,45.722
430,437,121.470
431,968,147.967
431,421,250.407
431,434,50.782
432,443,85.356
432,430,45.722
432,1009,130.377
433,439,92.596
433,427,93.826
433,442,81.720
434,444,111.309
434,438,57.205
434,431,50.782
435,429,93.352
435,437,45.007
435,947,78.998
436,439,23.355
436,429,71.143
436,948,177.405
437,435,45.007
437,441,46.942
437,430,121.470
438,968,52.318
438,434,57.205
438,445,112.170
439,433,92.596
439,436,23.355
439,1010,305.713
440,424,188.785
441,437,46.942
441,443,45.874
441,430,83.384
442,433,81.720
443,441,45.874
443,432,85.356
443,1009,49.136
444,434,111.309
444,1009,27.459
444,445,53.735
445,444,53.735
445,446,96.547
445,438,112.170
446,445,96.547
447,448,173.290
447,1178,507.199
447,1010,121.524
448,447,173.290
449,1267,117.757
449,1632,108.393
449,1661,24.635
450,63,79.734
450,529,33.363
450,2365,109.609
451,160,230.822
451,1695,60.133
451,2350,124.475
452,2356,73.070
453,454,28.340
454,455,62.485
454,458,44.909
454,453,28.340
455,454,62.485
455,457,13.536
456,802,143.065
456,452,49.632
457,452,104.436
457,459,29.166
458,459,59.060
458,454,44.909
458,466,177.490
459,458,59.060
459,801,13.866
460,456,112.317
461,463,74.234
461,755,135.796
462,460,37.460
462,465,126.739
463,1,143.455
464,3,134.490
464,461,128.438
465,466,57.133
465,462,126.739
465,1081,292.292
466,465,57.133
466,1979,125.612
466,458,177.490
467,150,80.444
468,535,54.771
468,1080,86.172
469,470,126.556
469,534,69.381
470,468,16.266
471,470,17.295
472,471,151.243
472,475,90.857
473,469,110.457
473,474,102.578
474,475,148.317
474,471,89.781
475,480,78.325
476,1979,340.786
476,1081,206.927
476,485,289.913
477,473,79.356
478,477,80.321
478,474,75.638
479,478,7.125
480,1209,37.040
480,479,142.780
481,486,68.463
482,479,102.891
482,18,62.406
483,1640,302.141
483,487,50.112
483,488,91.284
484,53,19.221
485,1083,49.531
485,489,518.581
485,476,289.913
486,481,68.463
486,492,141.739
486,484,63.622
487,483,50.112
487,489,37.581
487,490,187.638
488,483,91.284
489,490,29.477
489,487,37.581
489,485,518.581
490,489,29.477
490,491,111.477
490,487,187.638
491,490,111.477
491,1082,497.190
491,496,189.610
492,486,141.739
492,731,35.979
493,486,330.765
493,2449,828.109
493,2291,630.623
494,1076,81.180
494,2268,86.711
495,1002,145.785
495,51,32.418
496,1125,10.578
496,1640,456.814
496,491,189.610
497,1983,251.179
497,1219,82.187
498,1125,24.236
498,1976,734.960
498,501,134.928
499,505,228.666
499,503,149.364
499,1126,151.630
500,1190,88.650
500,54,159.897
501,541,400.135
501,502,17.808
501,498,134.928
502,501,17.808
502,503,31.836
503,499,149.364
503,1627,52.656
503,502,31.836
503,1619,52.781
504,509,153.698
504,1621,170.509
504,510,172.447
505,499,228.666
505,1624,194.729
505,1627,220.106
506,1622,22.646
506,1621,84.232
506,508,56.671
507,509,222.787
508,511,173.031
508,1625,173.790
508,506,56.671
509,510,60.327
509,507,222.787
509,504,153.698
510,509,60.327
510,504,172.447
510,1135,144.712
511,508,173.031
512,1622,209.120
513,2246,112.810
513,514,99.453
513,2248,145.546
514,1255,102.498
514,513,99.453
514,516,481.784
515,1635,365.140
515,516,182.719
515,2364,59.630
516,517,12.367
516,515,182.719
516,514,481.784
517,516,12.367
517,518,252.233
517,1632,195.511
517,1638,98.717
518,517,252.233
519,520,39.180
520,519,39.180
520,522,41.672
520,1661,128.328
520,1059,45.651
521,68,66.834
521,1661,6.854
522,520,41.672
523,1662,167.363
524,525,245.817
524,526,41.972
525,524,245.817
525,1663,186.700
526,524,41.972
527,1223,42.696
528,1234,389.582
528,527,73.192
529,450,33.363
529,529,449.909
530,13,703.287
530,800,120.330
531,450,108.978
532,536,65.067
533,537,70.284
534,23,22.487
535,2007,101.718
535,2349,94.727
536,532,65.067
536,535,49.950
537,536,44.984
537,533,70.284
538,537,56.226
538,472,86.329
539,1806,199.920
539,540,197.875
539,1122,216.404
540,539,197.875
540,1984,106.711
540,1081,348.719
541,501,400.135
542,502,262.552
542,544,64.395
543,544,118.015
543,1617,164.226
543,804,86.450
544,543,118.015
544,805,238.232
544,542,64.395
545,547,241.368
545,1612,100.118
545,817,618.608
546,548,34.095
546,547,28.600
546,831,71.377
547,548,33.197
547,546,28.600
547,545,241.368
548,547,33.197
548,546,34.095
548,834,113.665
549,835,913.626
549,550,42.253
549,834,30.740
550,549,42.253
550,834,37.691
550,823,45.631
551,828,319.076
552,1474,33.538
552,615,131.496
552,1473,41.649
553,556,120.349
554,843,36.204
554,846,26.073
555,557,74.917
556,557,56.046
556,553,120.349
556,565,116.362
557,555,74.917
557,556,56.046
557,1909,77.090
558,847,132.842
558,845,119.123
558,2277,19.592
559,1420,84.609
559,560,14.811
559,564,101.127
560,705,258.333
560,559,14.811
560,1423,33.299
561,1423,31.536
561,2277,47.781
562,630,9.251
562,847,45.616
562,2278,46.983
563,1421,166.837
564,565,15.900
564,567,157.023
564,559,101.127
565,564,15.900
565,556,116.362
565,2122,46.815
566,2122,10.502
566,1421,37.691
567,564,157.023
568,1114,27.865
568,705,69.107
568,1423,218.406
569,573,314.848
569,705,165.715
569,1921,217.814
570,2292,10.194
570,1245,75.134
570,1950,125.689
570,1244,81.378
571,1099,261.605
571,2292,28.672
571,2302,44.841
572,1921,44.199
572,1464,104.043
572,1114,159.899
573,1112,71.722
573,1921,65.900
573,569,314.848
574,2306,380.742
574,1112,94.348
574,1920,203.950
575,576,11.355
575,1466,98.552
575,2337,118.699
576,575,11.355
576,577,29.122
576,1912,96.797
577,576,29.122
577,2305,84.867
577,1913,76.454
578,582,124.374
578,583,162.066
578,1925,233.788
579,2312,142.072
579,637,461.897
579,1462,73.752
580,581,77.470
581,2301,57.069
581,580,77.470
581,582,72.483
582,581,72.483
582,578,124.374
582,634,195.291
583,2299,78.127
583,584,154.033
583,578,162.066
584,2312,216.847
584,585,259.309
584,583,154.033
585,586,51.449
585,588,19.612
585,584,259.309
586,585,51.449
586,589,67.549
586,1457,169.450
587,1946,7.167
587,1948,112.433
587,2315,117.153
588,585,19.612
588,2299,455.231
588,2290,85.020
589,586,67.549
590,2290,27.754
590,1251,196.364
590,1249,74.043
591,592,61.983
591,595,73.385
591,1249,11.448
592,592,290.624
592,591,61.983
593,595,128.449
594,2295,6.628
594,1254,331.007
594,1456,411.687
595,593,128.449
595,597,137.234
595,591,73.385
596,2295,220.353
596,888,1016.250
596,1262,284.199
597,1268,231.630
597,1458,61.259
597,595,137.234
598,600,44.329
598,1458,74.500
598,1693,184.998
599,1693,237.822
600,1256,128.760
600,598,44.329
601,1256,214.023
602,1657,363.888
602,981,379.457
602,1273,551.890
603,608,78.306
603,605,131.350
603,2271,143.899
604,2271,17.175
604,837,59.664
605,606,230.980
605,603,131.350
605,610,300.558
606,618,387.751
606,605,230.980
606,1445,311.020
607,2284,133.227
607,621,232.706
607,1443,55.710
607,1444,138.260
608,616,114.524
608,603,78.306
608,609,143.961
609,612,35.645
609,608,143.961
609,1438,136.401
610,614,68.422
610,1438,114.735
610,605,300.558
611,623,378.827
612,616,118.934
612,623,30.459
612,609,35.645
613,624,92.481
614,610,68.422
615,620,91.941
615,552,131.496
615,1420,140.956
616,612,118.934
616,625,80.048
616,608,114.524
617,618,283.758
617,1442,276.930
617,621,20.959
618,1016,101.480
618,617,283.758
618,606,387.751
619,624,43.798
619,1434,548.214
619,1437,107.207
620,561,196.842
620,615,91.941
621,607,232.706
621,617,20.959
621,626,78.686
622,1439,143.485
622,1437,191.089
622,627,133.375
623,1416,90.999
623,612,30.459
623,611,378.827
624,613,92.481
624,629,178.209
624,619,43.798
625,616,80.048
625,1416,41.058
626,1441,269.504
626,621,78.686
626,1451,145.729
627,622,133.375
627,1440,92.913
627,1441,139.860
628,630,114.401
629,624,178.209
630,628,114.401
630,562,9.251
630,1419,79.600
631,632,118.654
632,631,118.654
632,1419,7.090
632,1241,82.448
633,1455,473.195
633,2302,106.631
633,1462,288.322
634,582,195.291
635,2309,154.303
636,638,107.588
637,1272,572.399
637,638,66.377
637,579,461.897
638,2310,24.636
638,636,107.588
638,637,66.377
639,2309,19.706
639,2310,18.205
639,2311,26.949
640,1509,130.499
640,2389,105.548
640,1513,200.750
641,2107,67.348
641,645,207.703
641,1516,49.103
642,1515,10.805
642,1509,13.286
642,1505,126.214
643,2020,60.358
643,644,115.391
643,2107,172.816
644,645,72.210
644,2107,148.309
644,643,115.391
645,644,72.210
645,1510,71.280
645,641,207.703
646,2019,47.623
646,1515,212.906
646,1508,344.735
647,2020,13.539
647,648,37.578
647,1510,194.533
648,647,37.578
648,651,100.902
648,2019,72.515
649,2081,196.663
649,1496,51.870
649,1506,79.865
650,2081,139.064
651,648,100.902
651,2017,68.077
651,1490,199.430
652,2129,122.390
652,1511,100.537
652,1493,97.983
652,1492,362.037
653,1494,112.372
653,1495,152.433
653,1490,216.361
654,1566,231.337
655,656,94.641
655,1567,82.476
656,655,94.641
656,1567,67.737
657,1565,133.987
657,1685,198.457
657,1300,269.376
658,1381,323.071
658,1390,61.381
658,659,22.950
659,1386,837.682
659,658,22.950
659,1389,203.346
660,896,32.744
660,1397,85.287
660,1390,62.948
661,77,346.518
661,1346,406.032
661,783,764.810
662,1374,175.238
662,1388,243.370
662,1380,326.316
663,1381,229.346
664,1374,28.591
664,1407,24.791
664,2101,261.173
665,667,180.864
665,1375,91.487
665,1346,221.210
666,905,369.817
667,905,106.214
667,665,180.864
667,1342,106.767
668,938,86.320
668,1343,66.528
668,669,48.688
668,1668,145.565
669,940,87.601
669,668,48.688
669,1341,53.884
670,941,118.117
670,1969,53.738
670,1681,85.821
671,676,169.426
671,1320,96.498
671,672,13.625
672,671,13.625
672,907,27.918
672,1669,267.402
673,908,32.138
673,1320,143.611
673,674,29.816
674,908,32.107
674,1318,502.079
674,673,29.816
675,676,46.671
675,1348,91.658
675,680,191.685
676,675,46.671
676,677,26.503
676,671,169.426
676,680,176.689
677,676,26.503
677,908,80.637
677,678,82.903
678,679,40.722
678,680,171.527
678,677,82.903
679,678,40.722
680,676,176.689
680,678,171.527
680,675,191.685
681,1313,166.388
681,1315,147.069
681,682,215.095
682,681,215.095
683,1309,702.122
683,2253,82.067
683,685,299.176
684,1810,959.766
684,1312,39.772
684,2253,139.754
685,1316,30.742
685,1334,128.521
685,683,299.176
686,2252,23.158
686,688,79.216
686,1311,143.070
687,1334,60.330
687,1311,91.105
687,690,89.794
688,691,73.576
688,690,56.286
688,686,79.216
689,1308,21.195
689,1812,57.631
689,2252,118.422
689,2084,163.199
690,687,89.794
690,688,56.286
690,1819,93.416
691,1816,51.925
691,688,73.576
691,1818,105.662
692,693,100.770
692,1238,76.063
692,39,1538.637
693,1236,56.930
693,692,100.770
693,2371,291.507
694,695,113.061
694,1277,53.088
694,892,581.006
695,694,113.061
695,852,124.602
695,1238,220.471
695,969,152.928
696,698,246.888
696,697,198.002
696,969,117.198
697,852,19.413
697,1239,175.472
697,696,198.002
698,696,246.888
699,1239,8.197
700,1290,79.375
700,734,225.058
700,701,58.589
701,702,141.299
701,700,58.589
702,701,141.299
702,892,39.164
703,735,39.965
704,625,157.306
704,2278,64.448
704,846,45.785
705,569,165.715
705,568,69.107
705,560,258.333
706,707,168.814
706,1735,55.469
706,1737,261.291
707,706,168.814
707,708,180.318
707,709,199.077
708,707,180.318
708,713,162.605
708,2238,122.126
709,710,308.802
709,714,154.222
709,707,199.077
710,713,65.338
710,712,99.736
710,709,308.802
711,716,109.073
712,710,99.736
712,718,177.270
712,714,115.458
713,710,65.338
713,715,34.226
713,708,162.605
714,718,90.526
714,709,154.222
714,712,115.458
715,713,34.226
715,1732,424.826
715,716,168.085
716,711,109.073
716,717,37.625
716,715,168.085
717,716,37.625
718,1733,38.399
718,714,90.526
718,712,177.270
719,1732,262.288
719,720,245.443
719,1733,97.985
720,719,245.443
720,1739,572.401
720,721,486.428
721,2401,24.577
721,720,486.428
721,1892,322.503
722,726,181.455
723,726,311.571
724,2436,116.342
724,1895,451.391
724,727,161.384
725,728,107.778
725,1731,10.950
725,729,120.520
726,722,181.455
726,1894,64.697
726,723,311.571
727,1729,72.915
727,1731,110.829
727,724,161.384
728,725,107.778
729,725,120.520
729,730,87.418
729,94,270.718
730,2097,55.189
730,2218,163.474
730,729,87.418
731,736,36.771
731,54,34.998
732,2063,36.283
732,1965,19.853
732,2441,200.620
733,37,67.063
733,55,46.746
734,1288,11.704
734,700,225.058
734,735,106.061
735,734,106.061
735,703,39.965
735,893,111.503
736,739,105.463
736,2450,131.519
737,287,47.916
737,738,241.522
738,737,241.522
739,1213,77.323
739,2263,14.551
740,743,69.701
740,2287,71.130
741,288,140.340
741,1189,44.600
742,2346,10.067
742,296,127.278
742,741,268.122
743,744,26.339
744,751,295.422
744,2286,43.870
745,822,56.894
745,747,28.305
746,46,35.803
746,748,84.320
747,745,28.305
747,359,116.404
748,46,114.553
748,27,109.430
749,33,11.760
749,821,24.864
750,745,183.355
750,820,28.042
751,752,69.452
751,750,7.088
752,821,6.830
752,33,25.751
753,2268,33.549
753,1884,64.138
754,2236,39.427
754,2,74.995
755,1696,94.328
755,756,124.125
756,9,29.831
756,757,34.088
757,759,128.112
758,799,75.665
758,14,305.730
758,25,69.524
759,59,43.414
759,25,55.037
760,335,283.762
760,761,39.766
761,768,6.708
761,310,113.922
762,764,3.358
763,766,199.593
763,762,14.526
764,39,55.715
764,765,3.858
765,26,96.444
765,2116,11.841
766,332,8.503
766,2267,9.304
766,767,249.518
767,310,7.728
767,768,115.760
767,307,40.270
768,761,6.708
768,769,94.900
769,50,246.644
769,770,579.472
770,55,66.386
770,1076,95.967
771,2360,8.956
771,10,49.664
771,22,53.365
772,773,60.956
772,2143,17.895
773,2362,328.792
774,2353,38.508
774,155,342.881
774,161,65.305
775,159,37.111
775,797,79.581
776,777,41.046
776,774,122.056
776,160,290.528
777,775,44.080
778,779,64.072
778,1072,165.658
779,122,142.083
779,230,100.164
780,1564,183.549
780,932,128.843
780,136,217.701
781,12,15.084
781,785,175.969
782,783,33.279
782,73,99.172
782,154,40.707
783,782,33.279
783,1294,86.729
783,661,764.810
784,494,29.111
784,2266,176.585
785,784,73.321
785,1074,40.616
785,781,175.969
786,273,49.915
786,275,480.266
786,271,229.769
787,1078,123.978
787,788,73.173
788,787,73.173
789,790,114.105
789,279,24.748
789,2002,69.043
790,791,24.658
790,789,114.105
790,795,123.127
791,790,24.658
791,934,221.996
791,796,129.354
792,2004,78.005
792,2002,58.869
792,304,217.854
793,152,316.357
794,290,39.438
794,939,29.677
794,936,317.924
795,796,34.206
795,2004,35.801
795,790,123.127
795,2006,93.880
796,939,32.971
796,795,34.206
796,143,77.227
796,791,129.354
797,2469,136.774
798,2353,16.359
798,797,29.581
799,758,75.665
799,531,32.968
800,531,29.310
800,799,19.643
801,460,15.763
801,462,38.488
802,24,182.585
803,56,27.716
803,2059,19.623
803,166,41.925
804,543,86.450
804,1618,40.956
804,1620,45.968
805,544,238.232
805,1614,116.353
805,817,99.706
806,808,6.880
806,809,293.477
807,1615,438.449
807,1614,127.193
808,806,6.880
808,809,104.363
809,1615,18.365
809,808,104.363
809,806,293.477
810,812,107.449
811,2123,131.465
811,1616,39.742
811,812,96.202
812,810,107.449
812,811,96.202
812,835,447.110
813,815,220.285
814,816,16.647
814,815,20.027
815,814,20.027
815,813,220.285
815,816,15.602
816,2346,182.142
816,815,15.602
817,2289,350.248
817,545,618.608
817,805,99.706
818,819,59.585
818,2289,111.373
818,2288,30.875
819,818,59.585
819,820,193.267
819,2288,60.028
820,832,31.825
820,819,193.267
821,752,6.830
821,750,69.883
822,2318,12.656
822,854,28.955
823,550,45.631
823,824,22.581
823,1120,338.115
824,823,22.581
824,854,95.689
824,551,28.237
825,746,69.488
826,825,49.109
826,827,27.233
827,912,287.924
827,825,49.153
828,1120,9.406
828,2472,212.307
829,826,296.762
829,914,112.390
830,890,52.141
830,920,135.101
831,2289,351.521
831,546,71.377
831,832,102.801
832,820,31.825
832,831,102.801
832,854,211.138
833,835,95.362
834,548,113.665
834,550,37.691
834,549,30.740
835,812,447.110
835,549,913.626
835,833,95.362
836,2279,53.776
836,837,19.065
837,839,11.053
838,836,5.800
839,844,168.538
839,842,28.774
840,1474,14.960
840,838,34.022
841,838,19.931
841,840,27.672
842,841,13.324
843,842,143.536
844,554,25.153
844,1955,14.973
845,846,39.616
845,843,68.000
846,554,26.073
846,704,45.785
847,558,132.842
847,2278,38.374
847,562,45.616
848,2304,102.898
849,1468,18.433
849,2304,15.759
849,851,91.395
850,851,122.352
851,1466,174.640
851,850,122.352
851,849,91.395
852,697,19.413
852,695,124.602
852,2369,209.424
853,2370,2375.158
853,894,1999.005
854,822,28.955
854,824,95.689
854,832,211.138
855,856,1960.892
855,103,844.678
855,2427,329.641
856,855,1960.892
857,761,273.830
857,309,145.952
858,760,76.084
858,324,23.721
858,321,30.434
859,355,52.858
859,42,35.791
859,1199,146.228
860,861,18.175
860,862,104.722
861,860,18.175
861,345,515.605
862,354,171.401
862,348,115.132
862,860,104.722
863,865,556.743
863,864,17.827
864,2371,317.631
864,1236,27.886
865,863,556.743
866,1639,224.264
867,354,511.635
867,870,281.954
867,2264,163.311
868,871,235.666
869,870,167.748
870,871,120.716
870,869,167.748
870,867,281.954
871,870,120.716
871,868,235.666
871,872,172.987
872,873,4.817
872,2386,131.300
872,871,172.987
873,872,4.817
874,2294,109.555
874,1272,468.345
874,1261,354.001
875,2319,13.324
875,979,114.597
875,1463,583.607
876,882,169.419
876,1108,138.154
876,880,138.702
877,883,169.402
877,1465,69.721
877,1108,124.475
878,1111,82.693
878,1465,17.112
878,882,392.023
879,887,475.331
879,884,93.683
879,979,263.846
880,881,25.765
880,876,138.702
880,882,60.505
881,880,25.765
881,1937,90.852
881,885,83.487
882,876,169.419
882,880,60.505
882,878,392.023
883,877,169.402
884,886,168.561
884,879,93.683
884,1943,136.022
885,885,355.700
885,881,83.487
886,884,168.561
887,2320,320.803
887,879,475.331
887,2322,170.828
888,596,1016.250
888,889,882.287
888,2281,191.117
889,888,882.287
890,2471,73.126
890,891,29.343
891,36,58.735
892,702,39.164
892,694,581.006
892,894,229.243
893,735,111.503
894,895,108.997
894,892,229.243
894,853,1999.005
895,894,108.997
896,660,32.744
896,1390,71.435
896,2070,755.502
897,2136,25.757
897,2134,982.683
897,898,40.084
898,2224,333.406
898,2028,283.981
898,897,40.084
899,1147,45.208
899,2027,233.522
899,1144,179.743
900,2029,17.689
900,901,135.653
900,1977,632.539
901,902,110.051
901,900,135.653
901,904,702.726
902,901,110.051
902,903,138.503
902,2027,296.973
903,902,138.503
903,1998,80.535
903,1994,2406.658
904,901,702.726
905,666,369.817
905,667,106.214
905,1665,74.122
906,1673,41.309
906,306,1137.443
906,1668,46.620
907,672,27.918
907,1684,8.764
907,1348,86.962
908,677,80.637
908,673,32.138
908,674,32.107
909,1993,498.294
909,2155,99.805
909,2183,301.748
910,2155,1894.472
910,1800,324.160
910,1988,210.014
911,1800,83.922
911,1127,758.544
911,1990,616.534
911,2148,1331.835
912,913,39.740
912,827,287.924
912,2276,147.597
913,916,46.664
913,912,39.740
913,914,137.870
914,2471,84.607
914,829,112.390
914,913,137.870
915,1181,73.674
915,1179,25.104
915,1961,204.873
916,913,46.664
916,1179,86.550
916,917,133.077
917,916,133.077
918,922,110.069
918,919,32.213
918,30,32.583
919,924,162.852
919,920,35.854
919,918,32.213
920,919,35.854
920,925,158.298
920,830,135.101
921,30,110.806
921,923,54.531
921,922,33.961
922,921,33.961
922,918,110.069
922,923,86.403
923,921,54.531
923,1164,33.279
923,922,86.403
924,919,162.852
925,920,158.298
926,1822,862.393
927,970,4228.912
928,259,69.392
928,262,164.933
928,256,241.009
929,246,72.911
929,256,77.806
929,254,84.092
930,1599,271.923
930,131,289.219
930,128,136.142
931,75,110.278
932,66,62.920
932,1040,356.284
932,780,128.843
933,136,223.052
934,935,35.408
934,791,221.996
934,144,62.304
935,934,35.408
935,274,52.072
935,936,9.051
936,935,9.051
936,794,317.924
936,282,203.903
937,939,161.014
938,940,43.480
938,668,86.320
938,1667,50.200
939,796,32.971
939,794,29.677
939,143,44.290
939,937,161.014
940,938,43.480
940,1669,29.529
940,669,87.601
941,670,118.117
942,28,126.115
942,943,92.186
943,957,110.671
943,29,88.472
943,942,92.186
944,420,44.882
944,427,72.198
944,946,93.498
945,946,10.438
945,417,126.598
945,947,90.429
946,429,69.735
946,945,10.438
946,944,93.498
947,435,78.998
947,426,30.164
947,945,90.429
948,436,177.405
949,45,212.320
950,1188,25.861
950,950,60.571
951,363,50.053
951,952,110.088
951,361,30.258
952,360,87.851
952,368,55.652
952,951,110.088
953,383,144.361
954,49,99.267
954,386,134.669
955,387,31.660
955,389,14.296
955,954,55.309
956,942,111.118
956,957,91.673
957,943,110.671
957,956,91.673
957,38,106.774
958,959,125.693
958,1162,127.994
958,960,37.017
959,958,125.693
959,391,28.542
959,1157,100.576
960,1159,45.115
960,958,37.017
960,963,189.119
961,1155,71.247
961,1156,20.724
961,963,60.630
962,31,94.502
962,965,109.510
963,964,28.757
963,961,60.630
963,960,189.119
964,963,28.757
965,400,61.262
965,44,174.650
966,400,41.709
966,406,57.456
966,31,150.311
967,419,65.006
967,422,26.448
967,1011,282.764
968,438,52.318
968,431,147.967
968,428,48.514
969,1238,105.168
969,696,117.198
969,695,152.928
970,1017,1870.542
970,927,4228.912
970,1092,825.282
971,972,2105.398
971,1017,1764.734
971,2228,274.794
972,973,440.427
972,971,2105.398
972,1460,692.926
973,974,160.612
973,972,440.427
973,1094,149.676
974,1252,312.204
974,973,160.612
974,975,1583.822
975,976,105.361
975,974,1583.822
975,2060,514.748
976,977,357.032
976,975,105.361
976,2418,737.361
977,2227,152.434
977,1091,783.850
977,976,357.032
978,2412,3334.396
979,879,263.846
979,875,114.597
979,1941,196.836
980,2177,799.326
980,2368,1378.535
980,2367,416.116
981,1658,276.909
981,1641,505.927
981,602,379.457
982,984,173.751
982,1435,111.952
982,1434,276.613
983,985,28.847
983,1448,47.123
983,986,228.215
984,982,173.751
985,983,28.847
986,988,41.271
986,983,228.215
986,987,117.644
987,986,117.644
988,986,41.271
988,989,142.207
988,1446,80.605
989,988,142.207
990,991,1149.881
990,1452,373.179
990,1450,523.634
991,990,1149.881
992,2284,498.224
993,2271,6.622
993,994,663.045
993,2272,490.498
994,995,69.633
994,993,663.045
994,2272,57.091
995,994,69.633
996,10,27.406
996,2360,30.734
996,1055,101.178
997,160,41.538
998,5,121.799
999,232,97.659
999,1582,58.749
1000,2352,69.209
1000,2009,81.117
1001,467,36.260
1001,2352,25.382
1002,2265,20.130
1002,53,23.211
1002,269,46.979
1003,1004,129.280
1003,1216,161.553
1004,1003,129.280
1005,385,59.092
1005,1006,100.195
1005,2374,113.416
1006,381,25.812
1006,385,38.727
1006,1005,100.195
1007,362,9.960
1007,1186,67.727
1007,1008,44.724
1008,1008,42.958
1008,1007,44.724
1009,443,49.136
1009,444,27.459
1009,432,130.377
1010,439,305.713
1010,1176,623.330
1010,447,121.524
1011,967,282.764
1012,391,221.907
1013,1014,28.571
1013,1015,21.576
1013,390,96.553
1014,1013,28.571
1015,1013,21.576
1016,618,101.480
1017,971,1764.734
1017,970,1870.542
1017,1018,1647.889
1018,2419,578.457
1018,1017,1647.889
1018,101,632.033
1019,1688,113.319
1019,1020,63.066
1019,1401,125.821
1020,1688,179.562
1020,1686,96.316
1020,1019,63.066
1021,2106,108.487
1021,1022,77.887
1021,1686,65.311
1022,1406,121.479
1022,1405,78.877
1022,1396,226.600
1022,1021,77.887
1023,1387,39.475
1023,1384,269.154
1023,2071,57.600
1024,1027,19.356
1024,1025,314.457
1024,1389,173.529
1025,1024,314.457
1026,1389,131.214
1027,1024,19.356
1027,1388,130.950
1027,1028,181.259
1028,1029,167.466
1028,1027,181.259
1028,2208,275.576
1029,1028,167.466
1030,1031,324.959
1030,1487,114.346
1030,1380,119.138
1030,1412,69.481
1031,1030,324.959
1032,1033,180.601
1032,1486,144.269
1032,1035,85.312
1033,1548,169.286
