u,v,w
0,228,50.176
1,114,96.126
1,124,108.442
1,177,78.551
2,83,85.521
3,106,100.575
3,118,62.711
4,36,134.232
4,161,35.318
5,154,59.314
5,68,85.783
6,209,187.318
6,211,102.132
7,16,115.993
7,286,66.890
8,191,66.022
8,15,201.014
9,188,84.736
9,47,105.987
10,23,27.730
10,12,184.219
11,276,33.436
11,277,38.824
12,103,103.426
12,17,178.551
13,14,134.474
13,9,186.870
14,190,37.621
14,217,91.867
15,222,85.679
15,163,107.214
16,110,39.135
17,21,24.279
17,29,262.607
18,101,102.026
18,13,188.968
19,300,50.336
19,18,171.724
20,90,98.922
20,221,48.830
21,22,173.849
22,12,25.632
22,23,188.052
23,204,334.825
24,158,44.819
25,26,335.806
25,139,28.777
26,147,121.512
26,262,84.172
27,48,197.995
27,28,116.372
28,10,100.003
29,201,25.333
29,96,68.571
30,98,97.621
30,31,156.578
31,32,114.652
32,115,102.854
32,159,26.428
33,121,99.725
34,123,25.381
34,127,111.147
35,291,11.805
35,131,90.488
36,25,65.538
37,80,110.023
37,131,100.794
38,34,105.460
38,39,134.458
39,82,122.154
39,120,107.157
40,117,90.957
40,226,72.935
41,179,70.468
41,42,101.835
42,85,94.518
42,43,117.340
43,89,93.053
43,44,119.768
44,94,121.126
44,100,123.439
45,78,109.692
45,46,192.969
46,187,75.424
46,61,191.012
47,104,85.264
47,48,107.652
48,62,112.050
48,49,118.371
49,63,112.907
49,50,58.973
50,51,90.141
51,148,207.615
52,172,60.883
52,53,117.081
53,141,96.971
53,54,117.922
54,171,93.777
54,142,101.822
54,138,109.115
55,290,303.662
55,37,113.667
56,88,111.714
56,69,116.668
57,56,84.270
57,294,131.150
58,178,80.682
58,57,174.003
59,77,112.670
59,314,53.335
60,91,88.659
60,207,174.317
60,59,123.273
61,60,116.100
62,74,138.380
62,170,100.886
63,73,125.698
63,62,118.757
64,145,45.245
64,63,119.722
65,145,63.208
66,149,135.974
67,143,110.829
67,66,130.645
68,140,116.575
68,137,153.411
69,284,114.187
69,219,55.055
70,152,30.461
71,72,119.931
72,195,58.405
72,64,112.287
72,73,120.444
73,194,53.239
73,74,114.063
74,75,96.959
75,170,151.575
75,220,59.549
76,206,7.289
77,45,118.482
78,93,87.475
78,29,81.707
79,282,75.220
80,134,106.051
80,83,114.007
81,80,100.163
81,132,108.440
82,106,236.865
82,122,131.193
83,55,106.117
84,86,66.979
84,69,117.760
85,116,101.509
85,32,69.776
86,87,27.751
86,180,33.212
87,56,118.438
88,100,100.637
88,43,117.996
89,85,115.319
89,31,84.805
90,278,10.940
90,19,85.218
91,92,121.015
92,90,160.089
92,61,91.773
93,98,98.164
93,94,111.969
94,95,110.797
94,45,116.159
95,77,143.250
95,58,110.016
96,93,85.788
96,30,75.331
97,219,131.178
97,284,97.889
98,99,18.704
99,89,136.291
99,44,91.455
100,95,150.581
100,57,108.155
101,78,298.667
101,17,116.739
102,103,184.482
102,10,101.497
103,101,182.251
103,13,112.185
104,188,103.295
104,28,117.404
105,27,124.327
105,49,198.627
106,175,89.355
107,329,389.215
107,113,145.889
108,20,152.907
109,210,80.496
109,215,50.575
110,214,70.340
110,275,156.772
111,112,196.183
112,113,227.461
112,111,196.183
113,112,227.461
113,107,145.889
114,224,441.007
115,116,62.507
115,33,91.946
116,117,103.851
116,41,95.900
117,33,61.400
118,3,62.711
119,176,102.041
119,3,237.825
119,82,104.352
120,121,135.851
120,40,100.060
121,200,107.640
122,125,113.523
122,38,110.535
123,159,494.782
124,128,92.582
124,133,109.626
125,126,110.650
125,81,99.795
126,127,90.920
126,38,113.155
127,292,90.861
128,129,115.392
128,125,106.242
129,305,10.652
129,122,110.058
130,304,10.336
131,81,110.906
131,126,99.264
132,128,100.361
132,133,51.457
133,135,103.159
134,135,19.520
134,132,98.277
134,130,55.137
135,130,58.866
136,68,65.876
136,205,53.738
137,142,111.924
137,138,103.277
137,199,195.684
138,25,133.615
138,4,68.072
139,24,54.906
140,67,117.777
140,136,198.317
141,53,96.971
142,143,118.582
142,140,134.989
143,53,106.094
143,144,121.594
144,66,87.688
144,174,123.724
145,65,63.208
145,50,103.527
146,139,455.422
147,146,30.730
147,150,188.962
148,147,132.741
148,52,120.762
149,329,57.199
149,151,127.496
150,51,143.680
150,105,119.645
151,71,95.677
151,325,61.890
151,64,104.896
152,197,15.385
152,71,31.407
153,198,16.802
153,168,11.803
153,70,39.270
154,199,11.572
154,155,31.354
155,308,19.343
156,137,63.889
156,4,102.241
157,156,32.518
157,327,48.098
158,289,31.658
158,36,36.956
159,229,226.496
160,161,58.446
161,157,104.407
162,163,86.930
162,222,103.540
163,164,76.053
164,16,65.492
164,286,128.026
165,166,858.265
165,167,509.673
166,165,858.265
167,7,104.102
167,165,509.673
168,153,11.803
169,218,52.512
170,274,108.526
170,47,111.060
171,54,93.777
172,173,122.709
172,144,57.033
173,148,67.793
174,173,59.923
174,149,67.051
175,1,49.274
175,306,7.011
176,242,107.026
176,120,52.796
177,129,50.594
177,293,8.976
178,315,10.875
178,76,46.414
179,302,6.032
180,203,48.514
181,179,100.020
181,42,69.522
182,183,79.916
183,184,142.649
183,182,79.916
184,330,35.786
184,76,21.726
185,323,56.756
186,280,146.529
187,324,9.148
187,18,60.197
188,102,23.646
189,190,193.399
189,274,42.180
190,192,56.943
191,189,55.699
192,191,195.884
192,15,85.754
193,276,49.290
194,316,21.633
194,195,122.536
195,196,11.660
195,72,58.405
196,195,11.660
197,152,15.385
198,153,16.802
199,156,147.984
200,39,126.089
200,34,102.212
201,21,258.758
202,123,200.668
203,228,24.662
203,0,52.783
204,105,24.899
204,146,320.273
205,5,3.557
206,280,30.792
206,323,130.782
207,60,174.317
208,209,43.592
209,7,226.748
210,109,80.496
211,11,122.388
212,109,121.268
213,212,316.365
214,213,252.040
214,212,74.782
215,214,137.990
215,162,58.158
216,213,56.022
216,211,98.955
217,19,97.638
217,222,181.340
218,169,52.512
218,219,266.746
219,119,365.739
220,279,15.552
220,8,54.027
221,319,27.432
221,108,191.564
221,282,400.007
222,20,105.733
223,225,65.316
223,311,49.560
224,114,441.007
224,242,405.758
224,312,126.767
225,312,5.743
225,223,65.316
225,264,115.710
226,227,56.362
226,41,49.419
227,226,56.362
228,84,63.316
229,201,178.768
229,30,53.058
230,267,35.095
230,311,25.480
230,231,58.260
231,272,7.448
231,230,58.260
231,273,17.912
232,273,27.991
233,266,32.278
233,258,28.778
233,268,25.873
234,235,44.288
234,260,96.189
234,238,102.848
235,250,66.907
235,234,44.288
235,237,71.940
236,248,38.517
236,252,85.068
236,241,67.174
236,243,22.990
237,235,71.940
238,234,102.848
239,287,7.003
239,240,42.387
239,257,35.088
240,239,42.387
240,256,31.016
240,255,33.090
241,242,51.296
241,236,67.174
241,244,17.879
242,224,405.758
242,176,107.026
242,241,51.296
243,244,63.880
243,236,22.990
243,245,14.466
244,243,63.880
244,241,17.879
244,247,6.332
245,246,48.533
245,288,19.646
245,243,14.466
246,247,79.146
246,245,48.533
247,246,79.146
247,244,6.332
248,253,18.762
248,236,38.517
248,249,22.751
249,248,22.751
250,253,10.205
250,235,66.907
250,251,39.397
251,252,36.326
251,250,39.397
251,253,44.169
252,287,30.544
252,236,85.068
252,271,22.608
252,251,36.326
253,248,18.762
253,250,10.205
253,251,44.169
254,287,27.439
255,240,33.090
256,240,31.016
257,239,35.088
258,260,28.760
258,233,28.778
258,259,22.931
259,258,22.931
260,258,28.760
260,234,96.189
260,261,78.060
261,260,78.060
262,52,49.616
262,263,42.775
263,262,42.775
264,265,52.916
264,225,115.710
265,264,52.916
266,233,32.278
267,230,35.095
267,268,19.797
267,269,20.966
268,267,19.797
268,233,25.873
268,273,34.601
269,267,20.966
270,272,33.188
271,252,22.608
272,231,7.448
272,273,10.603
272,270,33.188
273,272,10.603
273,232,27.991
273,231,17.912
273,268,34.601
274,9,110.384
274,14,191.706
275,208,19.492
275,216,100.287
276,193,49.290
276,277,51.469
277,108,414.867
278,90,10.940
279,220,15.552
280,298,54.676
280,186,146.529
281,87,21.983
281,180,35.439
282,183,42.067
282,283,37.133
282,79,75.220
283,318,119.803
283,59,89.347
284,88,118.872
284,181,45.268
285,167,176.618
285,8,68.392
286,285,166.539
287,239,7.003
287,252,30.544
287,254,27.439
288,245,19.646
289,160,42.378
290,202,23.263
290,291,30.534
291,37,176.621
292,35,7.782
292,202,28.442
293,177,8.976
294,281,55.979
295,296,15.040
296,295,15.040
296,294,73.704
297,298,13.414
298,296,32.616
298,297,13.414
299,300,10.376
300,299,10.376
300,61,100.127
301,302,42.294
301,301,58.947
302,301,42.294
302,97,38.927
303,304,10.729
304,303,10.729
304,2,51.842
305,129,10.652
306,175,7.011
307,308,14.615
308,310,27.734
308,307,14.615
309,310,14.634
310,309,14.634
311,230,25.480
311,223,49.560
311,312,40.477
312,225,5.743
312,224,126.767
312,311,40.477
313,314,12.901
314,313,12.901
314,58,117.073
315,178,10.875
316,194,21.633
317,318,50.241
318,91,15.404
318,317,50.241
319,221,27.432
320,321,23.924
321,322,14.835
321,323,20.171
321,320,23.924
322,321,14.835
323,185,56.756
323,321,20.171
323,206,130.782
324,187,9.148
325,151,61.890
326,327,14.177
327,155,109.968
327,326,14.177
328,70,51.659
328,153,32.717
329,328,0.577
330,184,35.786
