u,v,w
0,27,224.384
0,186,69.775
1,180,89.812
1,174,25.006
2,175,101.793
2,319,32.864
2,97,151.355
3,4,196.570
3,177,50.326
4,222,77.756
4,299,196.784
5,412,52.856
5,10,95.324
6,332,10.520
6,331,115.139
6,15,138.403
7,0,180.864
8,46,159.716
8,150,38.596
9,256,38.896
10,415,274.712
10,216,49.884
11,211,24.109
11,42,396.741
12,148,86.547
13,326,124.677
13,93,185.000
15,396,14.524
15,16,121.823
16,47,33.102
17,379,22.195
17,5,360.210
18,301,83.386
18,242,76.818
19,20,216.734
19,28,124.848
20,380,11.296
21,22,106.115
22,87,105.675
22,92,69.424
23,293,73.966
23,146,67.745
24,42,28.962
25,403,89.573
25,26,130.937
26,387,46.574
26,385,87.627
27,309,3.396
27,308,100.043
28,29,213.263
28,39,117.184
29,18,130.746
30,308,29.525
30,309,99.939
31,255,27.105
31,36,24.037
32,237,37.985
33,85,63.503
33,54,36.875
34,365,60.933
34,306,8.604
35,399,58.757
35,89,271.737
36,246,18.321
37,281,60.028
37,38,60.151
38,255,248.988
39,25,240.997
39,40,121.189
40,417,97.356
40,41,125.725
41,96,220.914
41,411,64.850
42,25,94.689
43,29,96.767
43,39,201.936
44,11,103.513
45,12,404.073
45,24,55.426
46,179,117.933
47,1,147.601
47,48,278.576
48,328,110.504
48,49,63.136
49,137,1666.792
49,354,94.493
49,48,63.136
50,51,126.583
50,60,106.664
51,331,28.989
51,9,261.932
52,30,136.918
53,224,42.422
54,173,28.313
55,57,183.859
55,105,122.524
56,340,80.460
56,325,91.874
57,352,84.489
57,32,21.005
58,343,22.909
58,159,218.974
59,110,39.044
60,50,106.664
61,344,4.172
61,64,184.542
62,322,20.867
62,348,90.970
63,240,27.181
64,350,61.989
65,66,88.177
65,63,183.435
66,56,141.338
68,164,237.523
69,171,143.549
69,70,139.217
70,245,156.221
71,121,700.018
72,119,59.782
72,134,126.473
74,73,159.861
74,71,222.497
75,102,65.914
75,276,287.452
76,71,145.525
76,251,26.847
77,78,177.308
78,101,29.660
78,79,185.981
79,104,179.152
79,80,70.223
80,270,42.029
80,81,340.647
81,314,40.425
81,248,69.190
82,69,114.434
83,84,119.770
84,54,54.660
84,85,59.523
85,125,49.022
86,260,43.018
87,86,176.095
87,91,69.711
88,22,174.648
89,234,86.157
89,88,99.697
90,229,43.678
90,367,117.783
90,413,8.345
91,95,126.943
92,408,31.016
92,91,105.156
93,260,76.267
94,95,94.907
94,141,5.591
94,140,7.996
94,34,92.225
95,94,94.907
95,93,116.318
96,90,59.888
96,232,98.310
97,151,107.285
97,77,46.199
98,117,126.015
99,257,390.303
99,278,116.573
100,280,81.304
100,76,129.776
101,266,14.460
101,99,74.514
102,114,114.338
103,275,33.844
104,0,159.327
104,46,173.590
105,55,122.524
106,107,122.313
107,108,306.287
107,111,285.667
108,109,96.285
109,111,566.300
109,108,96.285
110,106,63.304
112,113,139.529
113,165,217.640
114,115,39.115
114,103,46.502
115,116,115.490
115,178,153.559
116,257,85.744
116,154,96.902
118,268,9.642
118,269,51.354
119,250,112.131
119,120,102.879
120,253,169.065
121,245,15.395
121,72,162.792
122,121,62.585
122,266,189.209
123,295,166.392
124,136,13.373
124,135,104.934
125,126,62.485
125,287,200.392
126,218,17.574
126,287,146.881
127,392,57.877
128,288,10.093
129,59,269.757
130,159,324.485
130,228,44.278
131,182,99.319
131,223,546.446
132,165,35.517
132,167,136.141
133,166,63.552
134,70,133.053
134,171,46.363
135,123,110.416
135,124,104.934
136,116,268.464
137,49,1666.792
137,138,212.053
137,333,800.990
138,267,94.268
138,137,212.053
139,267,845.283
140,94,7.996
141,94,5.591
142,143,128.399
142,23,50.069
143,294,17.199
143,144,50.179
144,368,10.942
144,23,127.180
145,146,84.870
146,145,84.870
146,45,90.532
147,148,97.770
148,147,97.770
148,13,70.159
149,150,89.986
150,362,24.530
150,149,89.986
151,152,119.353
152,153,50.448
152,98,53.167
153,2,200.295
154,421,45.128
154,183,320.828
155,421,58.227
155,156,63.581
156,155,63.581
157,169,75.775
157,158,349.043
158,253,82.737
158,101,282.509
159,106,150.195
159,59,57.988
160,82,173.025
160,157,390.630
161,226,48.724
161,290,24.954
162,163,147.629
162,304,78.928
163,162,147.629
164,389,38.457
165,167,126.755
166,132,72.624
166,391,82.984
167,67,62.951
168,8,9.176
168,200,11.964
169,170,25.487
169,53,51.329
170,171,175.093
171,227,360.072
172,314,140.119
173,172,87.181
173,312,8.852
173,52,56.673
174,374,27.556
174,175,166.839
175,1,149.698
176,4,82.029
176,177,172.021
177,185,235.010
178,279,65.045
178,151,31.869
179,360,5.238
180,179,158.900
180,104,109.663
181,258,25.814
182,133,45.574
182,181,29.677
183,136,23.976
183,124,24.991
184,43,124.364
184,40,192.714
185,186,234.492
185,27,36.476
186,199,51.301
187,188,42.770
187,202,33.304
188,187,42.770
189,164,62.092
189,284,393.977
190,113,406.705
190,219,243.699
191,296,234.040
191,196,218.009
192,281,55.795
193,194,22.290
193,198,143.296
193,196,207.512
194,193,22.290
194,195,86.142
195,192,52.228
196,197,257.106
196,193,207.512
196,191,218.009
197,196,257.106
198,193,143.296
199,426,15.042
199,201,10.988
200,168,11.964
201,199,10.988
202,203,11.263
202,5,61.710
203,202,11.263
204,205,15.270
205,12,6.846
206,204,41.844
207,206,29.576
207,209,164.180
208,206,39.334
208,207,23.551
209,212,97.407
209,207,164.180
209,329,26.503
210,204,63.408
210,208,138.528
211,210,43.649
211,205,57.889
212,209,97.407
213,307,29.785
213,118,128.341
214,313,10.259
214,215,35.709
215,310,11.301
215,9,43.437
216,316,7.023
216,217,16.530
217,311,13.642
217,44,71.260
218,337,8.290
218,56,85.175
219,220,14.224
219,112,20.938
220,393,41.252
221,112,20.071
221,220,11.334
222,19,29.195
223,131,546.446
224,172,20.406
224,52,91.332
225,358,49.329
225,357,40.055
226,248,225.616
226,290,37.101
227,129,47.137
227,181,67.880
227,228,97.433
228,131,79.215
229,35,43.857
229,230,102.344
230,229,102.344
231,282,60.665
231,366,27.807
232,96,98.310
233,274,31.046
233,383,12.198
234,236,79.760
235,89,96.270
235,254,248.473
236,235,87.661
237,299,103.237
237,238,101.172
238,239,86.707
238,222,131.086
239,261,54.509
240,305,44.588
240,264,35.728
241,261,11.469
242,239,17.510
242,262,10.669
243,176,164.338
243,33,267.744
244,263,11.599
245,121,15.395
245,73,859.950
246,317,44.008
246,397,157.309
247,372,122.551
247,195,176.815
248,83,84.803
248,226,225.616
249,289,6.153
250,272,35.464
250,170,31.870
251,265,83.664
252,280,132.149
253,122,8.269
254,36,41.469
254,31,29.786
255,283,30.783
256,187,15.646
256,3,327.140
257,98,12.105
258,133,17.974
259,236,216.575
260,14,8.912
261,19,77.179
261,241,11.469
262,242,10.669
263,63,25.336
263,244,11.599
264,240,35.728
265,249,12.252
266,75,264.118
267,139,845.283
267,138,94.268
268,272,29.382
268,303,139.332
269,233,63.918
270,273,69.728
270,7,54.898
271,303,97.019
271,269,15.364
272,53,6.641
273,271,91.810
274,7,41.737
274,273,20.142
275,252,181.763
275,276,39.266
276,277,47.329
277,76,106.593
277,252,91.643
278,102,145.768
278,279,114.587
279,77,83.329
280,419,42.120
281,38,117.279
281,194,162.720
282,283,59.006
282,31,12.764
283,184,179.188
284,127,41.869
285,127,13.503
285,286,7.014
286,285,7.014
287,66,95.764
288,100,10.749
288,251,116.556
289,422,19.818
289,420,15.251
290,82,87.745
291,162,55.235
292,293,6.336
293,96,50.999
293,292,6.336
294,143,17.199
295,115,56.727
295,103,48.846
296,191,234.040
297,302,41.559
298,373,6.984
298,15,125.945
299,243,79.602
300,258,42.388
300,129,56.368
301,32,29.764
301,57,29.740
302,297,41.559
302,6,227.433
303,120,13.390
304,160,26.610
304,161,113.494
305,61,30.473
305,315,29.322
306,34,8.604
307,213,29.785
308,176,185.581
309,382,36.631
310,215,11.301
311,217,13.642
312,173,8.852
313,214,10.259
314,83,16.178
315,305,29.322
316,216,7.023
317,247,24.275
317,318,10.694
318,317,10.694
319,328,14.853
319,394,16.805
319,2,32.864
320,321,8.420
321,320,8.420
321,346,23.177
322,323,6.618
322,263,51.491
323,322,6.618
324,325,8.097
325,324,8.097
325,58,93.113
326,34,29.284
326,327,57.453
327,326,57.453
328,319,14.853
328,423,16.796
328,48,110.504
329,209,26.503
330,225,11.092
330,356,4.795
331,375,5.715
331,6,115.139
331,51,28.989
332,6,10.520
333,334,11.150
333,137,800.990
334,333,11.150
335,336,6.965
336,335,6.965
336,16,19.441
337,218,8.290
338,339,15.231
338,130,24.597
339,338,15.231
340,338,44.304
340,341,9.400
341,340,9.400
342,343,7.910
343,342,7.910
343,62,119.068
344,321,20.722
344,345,7.044
345,344,7.044
346,55,53.013
346,347,47.707
347,346,47.707
348,349,7.492
348,66,91.348
349,348,7.492
350,65,41.039
350,351,15.328
351,350,15.328
352,64,16.993
352,353,7.051
353,352,7.051
354,330,15.226
354,355,7.364
355,354,7.364
356,330,4.795
357,225,40.055
358,298,28.318
358,359,5.006
359,358,5.006
360,336,36.132
360,361,9.372
361,360,9.372
362,214,23.210
362,363,18.263
363,362,18.263
364,365,6.858
365,364,6.858
365,401,36.031
366,231,27.807
367,409,43.391
367,369,7.124
368,144,10.942
369,367,7.124
370,371,10.555
370,88,74.385
371,370,10.555
372,247,122.551
373,298,6.984
374,376,56.543
374,78,115.341
375,331,5.715
376,374,56.543
377,379,9.069
378,380,8.612
379,20,5.545
379,377,9.069
380,378,8.612
380,3,35.082
381,382,14.302
382,381,14.302
382,213,91.580
383,233,12.198
384,385,12.299
385,384,12.299
385,28,141.956
386,387,10.372
387,17,49.720
387,386,10.372
388,389,7.070
389,388,7.070
389,284,332.662
390,391,14.579
391,390,14.579
391,291,252.381
392,393,7.055
392,221,40.482
393,286,71.339
393,392,7.055
394,319,16.805
395,396,7.972
396,50,58.112
396,395,7.972
397,246,157.309
398,399,70.908
399,231,30.290
399,398,70.908
400,401,13.609
401,400,13.609
401,142,84.706
402,403,8.809
403,402,8.809
403,44,298.654
404,408,8.135
405,370,4.824
405,406,7.702
406,405,7.702
407,409,7.120
408,404,8.135
408,144,32.553
409,405,27.167
409,407,7.120
410,411,6.927
411,410,6.927
411,24,59.719
412,424,7.021
412,302,263.819
413,90,8.345
414,415,14.321
415,414,14.321
415,26,98.586
416,417,14.974
417,416,14.974
417,35,128.473
418,419,13.976
419,418,13.976
419,123,85.027
420,422,14.002
421,117,6.610
421,155,58.227
422,288,112.424
423,328,16.796
424,412,7.021
425,426,12.204
426,425,12.204
426,168,13.153
