u,v,w
1,2995,54.050
2,2255,221.186
2,2590,190.454
3,1868,23.934
4,3,372.915
4,1,845.594
5,2,89.948
5,7,85.565
6,2537,383.428
6,9,853.728
7,8,42.116
8,11,31.578
8,2992,216.955
9,2750,114.429
10,5,15.486
11,9,369.805
11,3,72.739
12,2260,633.677
13,14,127.636
13,514,507.112
14,2447,155.803
15,3080,145.148
15,2934,54.997
16,31,97.292
17,157,65.278
17,51,81.819
17,160,30.440
17,149,114.788
18,102,179.394
18,106,117.703
18,16,141.827
19,139,250.048
19,57,143.125
20,71,76.023
21,2426,83.676
22,286,31.785
23,2812,14.075
23,826,66.102
24,2844,151.043
25,2422,166.874
26,72,69.511
26,28,104.113
27,26,190.011
27,20,84.130
28,25,103.091
29,56,196.468
29,2457,36.764
30,29,250.438
30,222,336.113
31,2436,166.448
31,2458,61.546
31,140,72.919
32,33,344.369
32,102,98.173
32,101,69.109
33,187,121.378
33,185,97.338
33,153,70.798
34,36,18.623
35,36,171.004
35,37,68.775
35,160,75.505
36,35,171.004
36,34,18.623
36,163,190.603
37,163,43.860
37,35,68.775
37,169,74.657
38,2191,120.514
38,217,78.642
38,170,18.092
38,189,243.184
39,40,134.265
39,176,20.342
39,212,76.236
40,177,22.884
40,41,111.226
41,40,111.226
42,1143,251.526
42,2825,44.990
43,48,24.744
43,44,42.365
44,3085,34.637
45,982,155.725
47,1135,149.446
47,1060,103.855
47,1059,15.505
48,1155,190.547
48,1033,59.321
49,986,32.762
49,994,231.912
49,2449,49.701
50,618,49.326
50,2449,95.630
51,154,21.483
51,156,67.449
51,17,81.819
52,53,62.686
52,147,114.298
52,154,61.096
53,54,113.213
53,52,62.686
53,146,113.583
54,53,113.213
54,155,70.680
54,2417,181.135
54,141,114.215
55,2814,70.295
55,56,207.333
56,139,142.247
56,57,250.600
57,30,190.506
58,156,68.732
58,59,79.236
59,60,56.422
59,58,79.236
59,99,291.404
60,2160,35.731
60,59,56.422
60,98,291.627
61,120,62.045
61,122,65.328
61,97,295.602
62,63,56.892
62,120,60.728
62,78,295.893
63,62,56.892
63,66,193.256
63,64,60.820
64,2908,9.618
64,65,87.502
64,63,60.820
65,64,87.502
66,79,62.717
66,67,101.729
66,63,193.256
67,78,56.571
67,68,133.190
67,66,101.729
67,75,75.372
68,2421,38.563
68,2424,76.741
68,2435,60.127
68,67,133.190
69,2421,165.213
69,73,77.089
70,69,207.657
70,72,75.405
70,118,123.244
71,70,223.651
71,117,125.940
72,20,216.120
72,26,69.511
72,70,75.405
73,74,165.283
73,72,208.187
73,25,69.806
74,2424,57.889
74,73,165.283
74,2421,76.506
75,2424,110.385
75,67,75.372
75,95,67.587
76,2435,22.017
76,77,165.235
76,2423,63.137
77,76,165.235
77,69,58.182
78,62,295.893
78,2435,149.572
78,96,62.144
78,67,56.571
79,111,49.596
79,66,62.717
79,109,209.054
80,81,192.333
80,94,16.428
80,92,43.734
81,80,192.333
81,93,45.825
81,91,49.825
82,85,10.678
82,112,62.440
83,84,33.655
83,2908,95.895
84,83,33.655
84,112,85.050
85,82,10.678
85,88,44.846
85,86,209.249
86,85,209.249
86,87,45.088
87,88,208.941
87,89,42.318
87,86,45.088
88,85,44.846
88,90,43.500
88,87,208.941
89,90,209.084
89,87,42.318
89,91,44.304
90,88,43.500
90,92,45.246
90,89,209.084
91,92,205.166
91,81,49.825
91,89,44.304
92,90,45.246
92,80,43.734
92,91,205.166
93,81,45.825
93,107,198.595
94,80,16.428
94,109,45.913
94,107,47.868
95,108,53.277
95,2425,93.367
95,75,67.587
96,78,62.144
96,120,294.987
96,2423,170.276
96,97,61.567
97,123,61.384
97,96,61.567
97,61,295.602
98,2419,177.977
98,99,56.068
98,123,115.744
98,60,291.627
99,100,67.086
99,98,56.068
99,59,291.404
100,155,71.171
100,99,67.086
100,58,260.083
101,150,116.223
101,141,9.339
101,32,69.109
102,185,347.668
102,18,179.394
102,103,114.077
102,32,98.173
103,106,174.201
103,2731,29.515
103,104,67.505
103,102,114.077
104,2730,28.771
104,105,64.490
104,103,67.505
104,197,285.105
105,104,64.490
105,220,280.737
105,219,173.901
106,103,174.201
106,184,116.644
107,94,47.868
107,108,174.138
107,93,198.595
108,107,174.138
108,2986,19.444
108,95,53.277
109,94,45.913
109,110,49.497
109,79,209.054
110,111,210.133
110,114,47.334
110,109,49.497
111,113,48.110
111,79,49.596
111,110,210.133
112,82,62.440
112,115,46.223
112,84,85.050
113,116,47.528
113,111,48.110
113,114,212.399
114,113,212.399
114,115,48.005
114,110,47.334
115,116,213.390
115,112,46.223
115,114,48.005
116,2908,50.494
116,113,47.528
116,115,213.390
117,118,245.768
117,126,120.300
118,119,207.604
118,117,245.768
118,70,123.244
118,125,120.376
119,128,81.373
119,118,207.604
119,77,61.279
120,62,60.728
120,61,62.045
120,96,294.987
121,122,27.356
121,2164,80.237
121,2966,130.048
122,61,65.328
122,2160,80.256
122,121,27.356
122,123,292.296
123,2420,175.456
123,122,292.296
123,98,115.744
123,97,61.384
124,127,80.518
124,119,122.015
125,124,206.523
125,118,120.376
125,136,118.420
126,137,118.539
126,125,254.372
127,134,41.523
127,124,80.518
127,131,37.174
128,129,36.791
128,119,81.373
128,132,44.774
129,2423,48.759
129,128,36.791
129,130,45.107
130,133,35.764
130,129,45.107
130,132,37.075
131,133,41.235
131,127,37.174
131,2420,48.195
132,128,44.774
132,134,35.437
132,130,37.075
133,131,41.235
133,130,35.764
133,134,37.495
134,132,35.437
134,127,41.523
134,133,37.495
135,2419,165.309
135,136,207.959
135,2816,60.531
136,137,252.116
136,125,118.420
137,19,122.959
138,2418,164.861
138,2815,60.798
139,136,121.156
139,138,209.114
140,55,121.697
140,2416,165.959
141,145,93.356
141,101,9.339
141,54,114.215
142,2436,52.219
142,143,117.615
143,145,8.976
143,101,93.527
144,2438,92.945
144,3038,102.487
145,144,29.612
146,150,9.446
146,141,115.946
146,53,113.583
147,52,114.298
147,151,9.435
147,146,65.459
148,154,113.542
148,152,9.702
148,147,56.970
149,148,103.807
149,17,114.788
149,153,11.315
150,146,9.446
150,151,64.914
151,147,9.435
151,152,57.334
152,148,9.702
152,153,103.923
153,2437,16.598
153,33,70.798
153,149,11.315
154,51,21.483
154,148,113.542
154,52,61.096
155,54,70.680
155,100,71.171
155,156,258.557
156,58,68.732
156,51,67.449
156,157,81.466
156,155,258.557
157,156,81.466
157,17,65.278
157,2964,86.124
158,2162,54.130
158,2437,71.637
158,160,132.697
159,2808,79.717
159,2162,70.605
159,169,49.629
160,17,30.440
160,158,132.697
160,35,75.505
161,162,120.233
161,169,64.615
161,2809,132.029
162,164,155.270
162,161,120.233
162,165,41.972
162,163,62.145
163,37,43.860
163,162,62.145
163,36,190.603
164,162,155.270
165,162,41.972
165,168,164.431
165,167,136.519
165,166,157.164
166,165,157.164
167,165,136.519
168,165,164.431
169,161,64.615
169,159,49.629
169,37,74.657
170,491,36.784
170,38,18.092
171,416,142.736
171,170,265.944
172,429,177.707
172,428,60.515
173,172,162.867
173,427,62.904
173,281,21.268
174,173,237.718
174,383,65.439
175,174,50.923
175,311,16.634
176,175,191.449
176,426,63.255
176,39,20.342
177,371,19.105
177,40,22.884
177,176,129.514
178,179,90.855
179,178,90.855
179,2165,28.644
180,181,99.382
181,180,99.382
181,182,37.525
181,217,9.063
182,188,31.235
182,181,37.525
182,199,67.530
183,2731,325.787
183,188,161.007
183,198,68.104
183,185,111.308
184,16,124.096
184,106,116.644
185,102,347.668
185,33,97.338
185,183,111.308
186,187,70.662
187,186,70.662
187,179,43.472
188,183,161.007
188,182,31.235
188,2196,168.009
189,190,74.606
189,231,19.807
190,191,129.431
190,216,97.877
190,215,21.403
191,192,192.126
191,200,89.129
191,201,21.984
192,193,193.850
192,218,87.439
192,230,19.814
193,194,452.265
193,219,87.784
194,220,91.283
194,195,270.160
195,221,91.214
195,223,18.698
195,196,235.208
196,262,54.670
197,104,285.105
197,184,62.067
198,199,190.004
198,2730,331.021
198,218,69.906
198,183,68.104
199,198,190.004
199,200,71.518
199,182,67.530
200,191,89.129
200,199,71.518
200,218,190.886
200,216,95.623
201,257,93.482
201,215,134.217
201,191,21.984
202,203,19.781
202,257,41.876
202,215,295.779
203,280,38.483
203,202,19.781
203,256,192.083
204,205,63.786
204,255,192.918
204,2729,59.111
204,214,299.449
205,206,86.856
205,204,63.786
205,282,192.936
205,304,108.804
206,321,89.047
206,205,86.856
206,310,60.459
206,299,192.048
207,324,95.712
207,321,93.453
207,314,190.102
207,313,63.237
208,330,62.685
208,324,85.748
208,309,63.748
208,250,193.157
209,331,60.115
209,210,70.556
209,308,67.011
209,339,202.547
210,355,64.622
210,354,60.426
210,209,70.556
211,355,65.018
211,374,63.033
212,213,193.373
212,252,104.523
212,39,76.236
212,349,76.706
213,302,197.349
213,212,193.373
213,253,79.157
213,311,76.009
214,302,91.055
214,304,150.580
214,281,76.586
214,204,299.449
215,231,76.962
215,202,295.779
215,190,21.403
216,217,146.860
216,190,97.877
216,200,95.623
217,181,9.063
217,38,78.642
217,216,146.860
218,219,190.857
218,198,69.906
218,200,190.886
218,192,87.439
219,218,190.857
219,105,173.901
219,193,87.784
220,105,280.737
220,197,63.787
221,2758,84.834
221,220,268.549
222,196,89.792
223,224,92.340
223,271,92.629
223,195,18.698
224,261,92.384
224,225,87.938
224,223,92.340
225,226,182.172
225,224,87.938
225,292,85.734
226,286,25.798
226,274,92.358
226,225,182.172
227,240,91.509
227,194,16.461
228,259,90.139
228,229,175.727
229,232,90.950
229,230,193.103
230,258,94.440
230,201,191.325
230,192,19.814
231,281,393.118
232,269,90.134
232,229,90.950
232,259,173.487
232,258,196.886
233,315,90.130
233,298,93.418
233,320,213.509
233,239,172.721
234,367,32.170
234,338,94.064
234,344,47.295
235,356,20.941
235,236,58.609
235,2515,191.467
236,2521,9.277
236,246,232.477
236,235,58.609
237,2521,53.194
237,238,63.056
237,247,243.495
238,237,63.056
238,326,85.360
238,249,176.376
238,248,249.745
239,233,172.721
239,243,185.198
239,316,87.313
239,297,92.180
240,241,91.255
240,228,186.046
241,267,87.929
241,240,91.255
241,260,87.855
241,259,188.959
242,2459,45.409
242,276,90.822
242,285,82.352
242,284,184.562
243,244,91.230
243,296,92.314
243,239,185.198
243,319,75.713
244,243,91.230
244,317,77.091
244,316,181.006
245,246,63.678
245,2515,9.541
246,236,232.477
246,247,60.891
247,248,61.996
247,237,243.495
248,327,84.313
248,238,249.745
249,328,63.556
249,325,85.734
249,250,217.937
249,238,176.376
250,208,193.157
250,323,85.311
250,249,217.937
250,329,63.038
251,252,101.825
251,349,112.211
251,351,66.908
252,212,104.523
252,301,84.631
252,253,183.948
252,251,101.825
253,254,189.300
253,252,183.948
253,312,74.257
253,213,79.157
254,253,189.300
254,302,50.237
254,303,64.852
255,282,59.067
255,279,30.964
255,204,192.918
256,270,24.425
256,258,61.428
256,203,192.083
257,202,41.876
257,201,93.482
257,258,192.623
258,256,61.428
258,230,94.440
258,232,196.886
258,257,192.623
259,241,188.959
259,232,173.487
259,268,90.265
259,228,90.139
260,261,181.429
260,241,87.855
260,227,92.380
261,224,92.384
261,260,181.429
261,272,90.518
261,271,89.802
262,290,72.366
263,262,62.849
263,293,139.352
264,2512,59.709
264,265,32.202
265,2512,52.262
266,260,87.983
266,267,85.442
266,272,181.654
267,276,95.966
267,241,87.929
267,268,188.490
267,266,85.442
268,277,90.824
268,259,90.265
268,269,173.099
268,267,188.490
269,278,88.206
269,232,90.134
269,270,200.742
269,268,173.099
270,279,94.817
270,256,24.425
270,269,200.742
271,261,89.802
271,227,177.796
272,225,93.429
272,273,94.256
272,261,90.518
273,274,90.689
273,272,94.256
273,275,182.171
274,273,90.689
274,285,185.551
275,276,84.231
275,273,182.171
275,266,95.702
276,242,90.822
276,267,95.966
276,277,186.023
276,275,84.231
277,278,171.394
277,276,186.023
277,284,92.192
277,268,90.824
278,283,92.322
278,269,88.206
278,279,204.373
278,277,171.394
279,255,30.964
279,270,94.817
279,278,204.373
280,2729,49.786
280,203,38.483
281,311,290.063
281,214,76.586
281,173,21.268
282,255,59.067
282,283,207.582
282,205,192.936
282,299,87.949
283,298,90.130
283,278,92.322
283,282,207.582
283,284,172.282
284,2460,45.305
284,277,92.192
284,242,184.562
284,283,172.282
285,242,82.352
285,275,90.828
286,287,44.697
286,226,25.798
286,294,112.351
287,809,201.745
287,288,48.126
287,286,44.697
288,808,210.401
288,289,64.176
288,287,48.126
289,805,100.756
289,288,64.176
289,806,117.228
290,291,468.799
290,21,95.658
291,2528,31.385
291,525,25.321
292,265,54.063
292,293,180.517
293,292,180.517
293,223,89.838
294,295,243.773
294,318,101.501
295,296,78.146
295,294,243.773
295,285,91.564
296,243,92.314
296,2459,44.595
296,297,185.165
296,295,78.146
297,298,172.835
297,296,185.165
297,239,92.180
297,2460,45.793
298,233,93.418
298,283,90.130
298,299,210.451
298,297,172.835
299,206,192.048
299,298,210.451
299,320,93.474
299,282,87.949
300,303,59.347
300,310,54.944
300,305,184.489
300,304,86.182
301,252,84.631
301,352,17.580
301,312,182.147
302,214,91.055
302,213,197.349
302,254,50.237
303,254,64.852
303,300,59.347
303,312,187.743
304,300,86.182
304,205,108.804
304,214,150.580
305,306,182.299
305,300,184.489
305,313,66.450
305,312,73.047
306,352,68.140
306,309,78.037
306,307,146.989
306,305,182.299
307,306,146.989
307,308,86.814
307,351,118.363
308,309,167.455
308,307,86.814
308,209,67.011
309,306,78.037
309,208,63.748
309,322,86.966
309,308,167.455
310,300,54.944
310,206,60.459
310,313,183.180
311,213,76.009
311,175,16.634
311,39,190.741
312,303,187.743
312,301,182.147
312,305,73.047
312,253,74.257
313,310,183.180
313,322,94.491
313,207,63.237
313,305,66.450
314,315,216.397
314,207,190.102
314,323,94.529
314,320,91.287
315,325,95.621
315,233,90.130
315,316,176.389
315,314,216.397
316,244,181.006
316,315,176.389
316,326,97.815
316,239,87.313
317,319,89.950
317,244,77.091
317,821,140.000
318,821,117.405
318,319,197.072
318,809,115.840
319,295,91.186
319,243,75.713
319,318,197.072
320,321,190.939
320,233,213.509
320,299,93.474
320,314,91.287
321,207,93.453
321,206,89.047
321,320,190.939
322,313,94.491
322,309,86.966
322,324,63.471
323,325,218.001
323,324,191.812
323,250,85.311
323,314,94.529
324,208,85.748
324,207,95.712
324,323,191.812
324,322,63.471
325,249,85.734
325,315,95.621
325,326,176.958
325,323,218.001
326,325,176.958
326,238,85.360
326,316,97.815
326,327,252.597
327,317,98.163
327,326,252.597
327,817,94.579
328,333,61.611
328,249,63.556
328,329,219.220
329,330,194.336
329,328,219.220
329,332,62.286
329,250,63.038
330,331,61.547
330,208,62.685
330,329,194.336
331,209,60.115
331,330,61.547
331,332,196.494
332,331,196.494
332,333,220.082
332,335,48.320
332,329,62.286
333,334,45.782
333,328,61.611
333,332,220.082
334,368,20.616
334,333,45.782
334,2893,83.620
335,337,31.065
335,332,48.320
335,2892,97.777
336,338,33.548
336,368,10.987
336,2895,83.480
337,339,29.975
337,335,31.065
337,2894,98.018
338,336,33.548
338,345,39.155
338,2525,30.521
338,234,94.064
339,337,29.975
339,348,76.599
339,209,202.547
339,340,47.940
340,341,80.903
340,339,47.940
341,342,38.140
341,340,80.903
341,348,68.994
342,343,38.888
342,341,38.140
342,347,79.493
343,344,37.496
343,342,38.888
343,346,91.636
344,343,37.496
344,345,101.670
344,234,47.295
345,346,35.517
345,338,39.155
345,344,101.670
346,347,35.517
346,345,35.517
346,343,91.636
347,348,36.138
347,346,35.517
347,342,79.493
348,347,36.138
348,341,68.994
348,339,76.599
349,251,112.211
349,212,76.706
350,351,73.749
350,372,38.164
350,373,40.204
351,251,66.908
351,352,130.770
351,350,73.749
351,307,118.363
352,301,17.580
352,306,68.140
352,351,130.770
353,354,69.381
354,210,60.426
354,353,69.381
355,211,65.018
355,210,64.622
356,235,20.941
356,357,45.055
356,364,26.951
357,2516,156.902
357,358,64.000
357,356,45.055
358,359,43.713
358,2517,124.067
358,357,64.000
358,2522,92.168
359,358,43.713
359,2513,39.745
359,362,101.385
360,2513,63.472
360,361,104.999
361,2517,9.647
361,245,134.827
362,2522,20.798
362,367,98.869
362,359,101.385
363,364,27.913
363,2522,91.193
363,365,45.314
364,363,27.913
364,365,83.989
364,356,26.951
365,366,7.072
365,364,83.989
365,363,45.314
366,365,7.072
367,234,32.170
367,362,98.869
367,370,79.839
368,336,10.987
368,334,20.616
368,2525,62.503
369,370,72.917
370,2525,14.757
370,367,79.839
370,369,72.917
371,177,19.105
371,2178,48.468
372,350,38.164
373,350,40.204
373,374,67.645
374,373,67.645
374,211,63.033
375,445,93.236
375,2728,38.258
375,387,63.264
376,380,227.229
376,386,63.851
376,377,61.197
376,437,55.310
377,381,229.432
377,376,61.197
377,420,61.613
378,420,37.930
378,426,24.887
378,446,107.454
379,380,62.925
379,385,179.856
379,432,35.450
380,381,63.020
380,379,62.925
380,376,227.229
380,423,193.066
381,382,63.270
381,380,63.020
381,421,204.806
381,377,229.432
382,383,63.357
382,381,63.270
382,420,232.244
382,419,217.904
383,174,65.439
383,382,63.357
383,427,229.121
383,426,238.655
384,390,18.731
384,391,45.446
384,385,129.408
385,379,179.856
385,394,143.092
385,455,52.054
385,384,129.408
386,430,61.396
386,445,149.407
386,376,63.851
387,430,235.822
387,375,63.264
387,388,60.198
388,431,236.859
388,387,60.198
388,389,121.982
389,432,243.233
389,388,121.982
389,454,147.521
390,384,18.731
390,454,28.190
390,2167,156.168
391,384,45.446
391,392,60.437
391,2167,153.688
392,450,170.006
392,391,60.437
392,393,54.545
393,449,192.321
393,392,54.545
393,394,62.796
394,385,143.092
394,393,62.796
394,456,36.435
395,416,10.601
395,2811,41.407
395,417,38.120
396,401,59.189
396,489,91.250
396,397,140.333
397,401,109.206
397,396,140.333
397,415,42.817
398,408,61.312
398,400,178.264
398,399,40.672
399,398,40.672
400,398,178.264
400,403,27.074
400,409,57.539
401,408,54.105
401,396,59.189
401,397,109.206
402,403,34.269
402,415,16.668
402,408,149.903
403,402,34.269
403,400,27.074
403,404,236.379
404,2220,54.824
404,405,205.242
404,403,236.379
405,2218,52.686
405,406,55.249
405,404,205.242
406,448,13.095
406,413,139.791
406,405,55.249
407,448,27.592
407,2216,132.189
407,2219,158.690
408,398,61.312
408,401,54.105
408,402,149.903
409,2208,24.120
409,458,90.877
409,400,57.539
410,411,57.411
410,2198,60.716
411,412,36.031
411,410,57.411
412,411,36.031
412,414,57.146
412,2802,92.148
413,406,139.791
414,2218,68.161
414,2220,121.623
414,412,57.146
415,402,16.668
415,397,42.817
415,416,96.255
416,395,10.601
416,415,96.255
416,171,142.736
417,418,101.985
417,395,38.120
417,2811,28.805
418,422,86.170
418,417,101.985
418,428,62.217
419,382,217.904
419,422,116.796
419,427,65.939
419,421,70.343
420,382,232.244
420,377,61.613
420,378,37.930
421,381,204.806
421,419,70.343
421,423,65.951
421,422,183.165
422,419,116.796
422,418,86.170
422,421,183.165
423,455,13.699
423,380,193.066
423,421,65.951
424,425,32.099
424,437,14.876
424,434,61.724
425,424,32.099
426,383,238.655
426,378,24.887
426,176,63.255
427,428,182.917
427,383,229.121
427,173,62.904
427,419,65.939
428,427,182.917
428,172,60.515
428,418,62.217
428,429,213.406
429,171,49.470
429,428,213.406
430,387,235.822
430,431,62.391
430,386,61.396
431,388,236.859
431,432,64.954
431,430,62.391
432,379,35.450
432,431,64.954
432,389,243.233
433,2805,62.271
434,424,61.724
434,2805,112.988
434,440,38.495
435,436,67.565
436,437,45.557
436,438,15.756
436,435,67.565
437,424,14.876
437,436,45.557
437,376,55.310
438,436,15.756
438,2174,53.949
438,2176,43.516
439,440,41.251
440,439,41.251
440,434,38.495
440,2173,101.795
441,2804,112.779
441,442,78.876
441,443,48.438
442,441,78.876
443,441,48.438
443,2725,129.529
443,2726,43.756
444,445,50.870
445,444,50.870
445,375,93.236
445,386,149.407
446,2179,17.898
446,378,107.454
446,2806,19.936
447,449,44.540
447,448,34.413
447,2171,176.044
448,406,13.095
448,407,27.592
448,447,34.413
449,447,44.540
449,393,192.321
449,2797,37.573
449,2171,146.154
450,392,170.006
450,2797,12.699
450,451,142.351
451,450,142.351
451,2797,121.984
451,2171,46.254
452,453,71.298
453,452,71.298
453,2169,300.992
453,2799,45.872
454,2799,61.122
454,389,147.521
454,390,28.190
455,423,13.699
455,385,52.054
455,456,145.280
456,455,145.280
456,394,36.435
456,2811,280.425
457,458,228.134
458,2198,31.755
458,409,90.877
458,457,228.134
459,488,93.934
459,460,57.180
459,489,121.793
460,483,13.854
460,459,57.180
460,490,69.666
461,462,87.551
461,481,62.253
461,483,76.141
462,461,87.551
462,2739,32.719
462,466,201.231
463,464,60.018
463,2801,26.846
463,471,98.076
464,465,64.873
464,463,60.018
464,470,97.137
464,2800,169.981
465,464,64.873
465,469,93.434
465,2180,157.058
465,468,178.276
466,462,201.231
467,468,215.326
468,467,215.326
468,465,178.276
468,2800,22.403
469,479,20.298
469,465,93.434
469,470,62.133
469,2180,67.819
470,464,97.137
470,469,62.133
470,471,64.818
471,478,18.402
471,463,98.076
471,470,64.818
471,474,150.791
472,473,32.370
473,472,32.370
473,481,13.986
473,474,49.458
474,471,150.791
474,473,49.458
474,476,17.801
475,476,67.642
476,477,16.493
476,475,67.642
476,474,17.801
477,476,16.493
477,2209,48.158
477,478,140.833
478,471,18.402
478,479,127.092
478,477,140.833
479,2215,16.488
479,469,20.298
479,478,127.092
480,481,141.792
481,473,13.986
481,461,62.253
481,480,141.792
482,483,79.605
483,460,13.854
483,482,79.605
483,461,76.141
484,3039,63.195
485,486,61.006
486,3039,59.887
486,487,94.018
486,485,61.006
487,490,23.453
487,3039,71.712
487,486,94.018
488,459,93.934
488,2207,53.590
488,490,57.840
489,2733,25.524
489,396,91.250
489,459,121.793
489,2207,127.267
490,488,57.840
490,460,69.666
490,487,23.453
491,170,36.784
491,2733,27.326
491,492,85.782
492,493,41.307
492,2212,8.486
492,491,85.782
493,492,41.307
494,830,105.926
494,2846,54.453
494,2518,176.617
495,2527,12.221
495,827,29.690
495,2756,170.326
496,669,22.979
497,655,31.202
497,861,75.063
497,2832,180.231
498,2764,6.417
499,2611,72.424
499,21,415.651
499,529,250.765
500,939,113.788
500,533,46.011
500,2751,19.640
500,887,340.812
501,880,49.787
501,538,198.624
501,502,36.501
501,867,77.421
502,745,200.619
502,781,52.295
502,501,36.501
502,776,31.875
503,674,23.685
503,884,50.734
503,866,93.181
503,504,38.821
504,777,50.305
504,766,107.958
504,503,38.821
504,767,89.591
505,695,77.578
505,877,105.402
505,506,40.165
505,864,132.555
506,784,55.676
506,724,12.654
506,771,93.335
506,505,40.165
507,935,10.590
507,508,33.859
508,597,76.478
508,547,158.784
508,596,162.656
508,507,33.859
509,949,68.120
509,948,64.499
510,631,45.847
510,509,30.094
511,1608,38.045
511,1653,35.058
511,1464,36.722
512,513,13.903
513,2352,74.010
513,517,86.872
514,2159,149.917
514,0,1068.630
515,2346,393.783
516,3079,16.106
516,512,87.971
517,3081,10.012
517,516,30.477
518,519,202.024
518,760,41.098
518,753,41.986
518,735,40.758
519,726,41.032
519,518,202.024
519,734,41.722
519,752,43.140
520,731,47.259
520,707,18.698
520,521,220.935
521,732,46.171
521,523,147.560
521,520,220.935
521,800,43.983
522,698,91.235
522,787,134.172
523,521,147.560
523,701,96.420
523,524,591.743
524,525,172.951
524,523,591.743
524,2610,242.215
525,526,34.808
525,524,172.951
525,291,25.321
526,525,34.808
526,2528,39.432
527,528,119.122
527,663,83.839
527,671,152.386
528,527,119.122
528,529,106.621
528,646,114.618
528,2610,77.203
529,651,73.801
529,647,111.716
529,528,106.621
529,499,250.765
530,499,116.789
530,614,92.838
531,611,44.581
531,648,63.559
531,2611,45.587
532,645,122.335
532,655,44.431
532,607,148.646
533,938,61.073
533,534,264.383
533,500,46.011
534,904,34.663
534,902,16.331
534,535,67.506
534,533,264.383
535,1216,151.343
535,534,67.506
535,536,107.538
536,898,38.556
536,1219,48.992
536,535,107.538
537,1221,51.382
537,878,35.122
537,1219,85.370
538,501,198.624
538,878,78.258
538,879,44.396
539,922,76.264
539,920,16.704
539,1216,12.516
540,556,346.892
540,2840,19.590
540,1462,97.859
541,970,11.795
541,544,51.420
542,540,20.655
542,2840,21.321
543,2770,73.665
543,2345,33.623
544,2769,4.007
545,510,39.577
545,631,74.518
546,545,12.871
546,628,37.210
547,599,89.891
547,598,72.000
547,571,61.492
548,929,74.500
548,953,41.037
548,925,64.526
549,942,84.114
549,953,22.216
549,917,89.081
550,956,21.777
550,942,112.327
550,919,93.787
551,956,50.721
551,2615,21.333
551,553,16.708
552,1204,33.331
552,1211,14.124
552,554,49.898
553,2615,24.759
553,551,16.708
553,945,150.224
554,960,42.009
554,555,18.062
555,3068,17.743
555,556,26.857
556,3068,19.160
556,540,346.892
557,603,88.618
557,598,90.888
557,600,62.361
557,592,84.672
558,601,63.205
558,559,17.714
558,603,273.837
559,558,17.714
559,591,80.222
559,560,365.386
560,590,80.194
560,559,365.386
561,612,180.675
561,50,288.094
562,651,58.335
562,530,278.233
563,2611,84.378
563,499,99.296
564,620,115.224
564,560,122.473
564,565,140.761
565,619,117.613
565,1012,55.455
565,1013,67.919
565,564,140.761
566,2450,28.343
566,989,23.623
566,985,33.879
567,2453,35.384
567,1036,39.063
567,568,17.659
568,602,3.661
568,567,17.659
569,1080,50.972
569,594,141.018
569,602,220.838
570,572,16.620
570,1082,154.531
570,624,47.623
570,1071,63.206
571,624,15.743
571,547,61.492
571,600,162.934
572,570,16.620
572,2617,71.070
572,622,178.600
573,623,106.515
573,3071,13.079
573,1119,36.074
574,1175,7.358
574,1120,61.953
574,575,211.026
575,1176,63.540
575,576,69.679
575,574,211.026
576,1180,17.895
576,575,69.679
576,3018,17.828
576,1115,80.197
577,1128,64.729
577,1131,198.415
577,578,72.004
578,1145,71.352
578,1183,69.207
578,1184,92.057
578,577,72.004
579,1794,16.329
579,1798,50.585
579,2853,184.550
580,2637,43.296
580,2638,45.360
580,1798,67.000
580,2792,148.921
581,1808,38.382
581,1819,31.863
581,1740,195.183
582,1810,24.376
582,1808,42.852
582,1739,144.645
583,1784,70.743
583,1817,65.238
583,2795,142.002
584,1782,153.668
584,1711,122.960
584,1784,58.541
585,2796,43.416
585,1711,132.033
585,586,24.069
586,1472,11.778
586,585,24.069
586,1709,148.154
587,1690,116.081
587,1538,61.043
587,1710,53.897
588,1722,43.697
588,1690,169.104
588,1719,131.654
589,1722,44.112
589,1735,196.616
589,2932,23.086
590,591,363.001
590,612,88.624
591,559,80.222
591,595,93.594
591,592,380.114
592,557,84.672
592,593,94.520
593,596,91.050
593,595,380.050
593,592,94.520
594,600,60.824
594,1082,13.488
594,569,141.018
595,606,86.430
595,593,380.050
595,591,93.594
595,612,361.629
596,593,91.050
596,598,179.867
596,508,162.656
597,599,120.863
597,510,133.432
598,557,90.888
598,547,72.000
598,596,179.867
599,546,153.234
599,597,120.863
600,594,60.824
600,557,62.361
600,604,88.972
600,571,162.934
601,604,273.234
601,602,59.950
602,568,3.661
602,569,220.838
603,557,88.618
603,558,273.837
603,604,61.545
604,601,273.234
604,600,88.972
604,603,61.545
605,2865,89.744
606,595,86.430
606,645,84.530
606,3007,204.648
607,608,37.727
607,2972,12.612
607,532,148.646
608,607,37.727
608,609,47.458
608,2452,9.717
609,608,47.458
609,2973,9.396
609,2451,8.153
609,611,47.016
610,611,8.831
611,531,44.581
611,610,8.831
611,609,47.016
612,561,180.675
612,613,100.903
612,595,361.629
613,614,177.129
613,563,33.427
614,561,90.946
614,613,177.129
615,1012,14.978
615,617,55.457
615,616,139.384
616,564,72.427
616,615,139.384
617,615,55.457
617,986,30.738
617,2448,48.705
618,616,54.473
619,987,136.071
619,565,117.613
619,2985,12.205
620,974,137.680
620,564,115.224
620,2971,12.574
621,622,61.785
621,625,56.209
621,624,188.877
622,621,61.785
622,623,127.591
622,572,178.600
623,573,106.515
623,2532,15.155
623,622,127.591
624,571,15.743
624,621,188.877
624,570,47.623
625,632,16.158
625,627,29.895
625,621,56.209
626,636,16.920
627,625,29.895
627,636,47.719
627,634,144.328
628,629,59.097
628,546,37.210
628,632,43.977
629,628,59.097
629,2616,85.036
629,631,59.593
630,2616,29.074
631,629,59.593
631,3078,384.870
632,625,16.158
632,628,43.977
632,633,148.223
633,634,47.941
633,2616,17.645
633,632,148.223
634,635,45.644
634,633,47.941
634,627,144.328
635,634,45.644
635,637,19.854
635,636,133.619
636,626,16.920
636,627,47.719
636,635,133.619
637,635,19.854
638,640,107.240
638,3006,166.455
638,2751,282.794
639,641,103.310
639,2751,45.732
639,3006,66.244
640,638,107.240
640,2764,100.514
640,641,187.273
641,639,103.310
641,861,82.364
641,640,187.273
642,643,70.402
643,2764,20.909
643,644,49.313
643,642,70.402
644,643,49.313
645,606,84.530
645,532,122.335
645,2866,221.539
646,647,110.777
646,528,114.618
646,711,89.581
647,648,157.878
647,646,110.777
647,529,111.716
647,2529,68.964
648,531,63.559
648,647,157.878
648,659,195.614
649,650,24.722
649,659,56.151
649,654,22.044
650,649,24.722
650,654,28.124
650,656,125.140
651,562,58.335
651,529,73.801
651,2871,168.090
652,2529,21.562
652,653,15.423
653,652,15.423
653,654,92.994
654,653,92.994
654,650,28.124
654,649,22.044
655,532,44.431
655,2974,9.456
655,497,31.202
655,656,83.067
656,650,125.140
656,657,119.955
656,655,83.067
657,658,23.632
657,659,65.945
657,656,119.955
658,657,23.632
659,657,65.945
659,649,56.151
659,648,195.614
660,666,14.134
660,663,27.737
660,661,30.354
661,660,30.354
662,663,25.799
663,660,27.737
663,527,83.839
663,662,25.799
664,665,55.483
665,667,17.312
665,666,34.340
665,664,55.483
666,669,24.776
666,660,14.134
666,665,34.340
667,665,17.312
668,669,19.746
669,496,22.979
669,666,24.776
669,668,19.746
669,670,31.304
670,669,31.304
671,2836,33.998
671,527,152.386
671,2835,78.707
671,672,214.521
672,709,78.619
672,748,17.650
672,671,214.521
673,674,188.961
673,1240,42.855
673,1228,21.334
674,503,23.685
674,673,188.961
674,868,43.647
675,870,16.232
675,869,32.575
675,1247,97.093
676,1246,101.073
676,874,23.870
676,677,88.297
677,873,73.533
677,2833,41.930
677,676,88.297
678,2833,5.307
678,875,39.540
678,696,76.037
679,1851,9.142
679,1251,121.846
679,1256,143.793
680,693,52.796
680,1832,22.378
680,694,108.684
681,1848,88.049
682,689,41.822
682,684,8.796
683,689,48.501
683,691,111.439
683,3044,67.413
684,682,8.796
684,685,156.568
685,686,119.397
685,684,156.568
685,688,45.814
685,692,56.735
686,685,119.397
686,687,53.040
686,695,67.882
687,688,146.109
687,690,53.863
687,686,53.040
688,689,133.730
688,687,146.109
688,691,44.518
688,685,45.814
689,683,48.501
689,682,41.822
689,688,133.730
690,696,48.318
690,687,53.863
690,691,175.361
691,683,111.439
691,693,61.085
691,688,44.518
691,690,175.361
692,685,56.735
692,695,84.830
693,680,52.796
693,691,61.085
693,3044,81.181
694,3044,11.283
694,1830,6.567
694,680,108.684
695,505,77.578
695,692,84.830
695,686,67.882
696,690,48.318
696,1256,12.025
696,678,76.037
697,725,41.226
697,773,64.442
697,799,41.778
697,724,203.492
698,788,9.351
698,522,91.235
698,699,158.841
699,698,158.841
699,701,95.840
700,798,25.286
700,795,12.069
700,701,154.270
701,700,154.270
701,523,96.420
701,699,95.840
702,703,50.607
703,706,27.522
703,702,50.607
703,704,162.660
704,705,41.481
704,2599,16.945
704,703,162.660
705,706,98.910
705,704,41.481
706,705,98.910
706,703,27.522
706,707,56.486
707,706,56.486
707,733,23.073
707,520,18.698
708,787,72.577
708,785,75.110
709,710,70.378
709,672,78.619
709,716,78.200
710,709,70.378
710,2754,17.304
710,711,117.677
711,710,117.677
711,712,107.216
711,646,89.581
712,2831,4.682
712,711,107.216
712,2754,149.409
713,717,61.923
713,716,51.048
713,714,45.712
714,2754,50.241
714,713,45.712
714,2753,48.339
715,748,65.120
715,750,30.909
715,716,81.838
716,713,51.048
716,715,81.838
716,709,78.200
717,713,61.923
717,718,61.175
717,719,168.840
718,3065,7.582
718,717,61.175
718,721,169.946
719,720,47.936
719,2831,40.991
719,717,168.840
720,721,34.086
720,719,47.936
720,862,66.341
721,720,34.086
721,722,13.037
721,718,169.946
722,721,13.037
722,853,57.417
722,863,47.485
723,744,53.623
723,747,56.200
723,746,200.942
723,2763,291.806
724,506,12.654
724,772,62.809
724,697,203.492
725,728,38.062
725,697,41.226
725,726,222.424
726,727,41.220
726,519,41.032
726,725,222.424
727,730,39.575
727,726,41.220
727,728,222.510
728,729,43.266
728,725,38.062
728,727,222.510
729,732,39.588
729,728,43.266
729,730,222.271
730,731,39.575
730,727,39.575
730,729,222.271
731,520,47.259
731,730,39.575
731,732,221.666
732,521,46.171
732,729,39.588
732,731,221.666
733,734,208.593
733,707,23.073
733,738,38.462
734,737,36.965
734,519,41.722
734,735,202.142
734,733,208.593
735,734,202.142
735,518,40.758
735,736,37.377
736,737,201.565
736,735,37.377
736,741,38.204
737,740,38.614
737,734,36.965
737,738,209.192
737,736,201.565
738,737,209.192
738,739,36.280
738,733,38.462
739,740,209.599
739,742,43.985
739,738,36.280
740,743,43.420
740,737,38.614
740,741,200.741
740,739,209.599
741,740,200.741
741,736,38.204
741,744,43.554
742,739,43.985
742,743,209.928
742,2837,45.255
743,763,46.750
743,740,43.420
743,744,201.164
743,742,209.928
744,723,53.623
744,761,44.946
744,743,201.164
744,741,43.554
745,502,200.619
745,757,38.760
745,782,41.775
746,748,63.899
746,763,3.146
746,723,200.942
747,723,56.200
747,751,18.989
747,750,103.620
748,672,17.650
748,746,63.899
748,715,65.120
749,750,58.582
750,715,30.909
750,747,103.620
750,749,58.582
751,747,18.989
751,3065,98.656
751,2607,266.697
752,519,43.140
752,764,38.946
752,753,200.311
753,754,119.861
753,752,200.311
753,765,38.451
753,518,41.986
754,753,119.861
754,756,43.444
754,755,38.475
755,754,38.475
755,765,120.362
755,766,60.467
756,757,160.199
756,754,43.444
756,758,39.578
756,767,39.575
757,745,38.760
757,759,38.740
757,756,160.199
758,759,160.761
758,760,38.473
758,756,39.578
759,757,38.740
759,761,36.264
759,758,160.761
760,761,160.257
760,518,41.098
760,758,38.473
761,759,36.264
761,744,44.946
761,760,160.257
762,763,103.550
763,746,3.146
763,743,46.750
763,762,103.550
764,752,38.946
764,770,36.700
764,765,200.885
765,755,120.362
765,764,200.885
765,769,39.159
765,753,38.451
766,755,60.467
766,504,107.958
766,768,60.279
767,756,39.575
767,778,42.103
767,504,89.591
768,769,133.835
768,771,64.571
768,766,60.279
769,770,200.241
769,768,133.835
769,772,39.701
769,765,39.159
770,764,36.700
770,773,38.896
770,769,200.241
771,772,81.355
771,768,64.571
771,506,93.335
772,771,81.355
772,724,62.809
772,769,39.701
772,773,201.008
773,770,38.896
773,697,64.442
773,772,201.008
774,858,31.769
774,3063,26.113
774,3062,44.694
775,858,21.889
775,860,96.662
775,2751,107.686
776,839,30.512
776,840,309.846
776,502,31.875
777,780,45.429
777,504,50.305
777,778,118.012
778,779,37.939
778,777,118.012
778,767,42.103
779,782,39.026
779,778,37.939
779,780,143.776
780,781,46.804
780,777,45.429
780,779,143.776
781,502,52.295
781,780,46.804
781,782,169.840
782,745,41.775
782,779,39.026
782,781,169.840
783,793,42.419
783,790,40.542
783,791,122.149
784,506,55.676
784,796,39.393
784,799,188.681
785,789,32.829
785,708,75.110
785,790,113.195
786,787,51.524
787,708,72.577
787,522,134.172
787,786,51.524
788,792,36.821
788,698,9.351
788,789,205.867
789,791,36.149
789,785,32.829
789,790,100.356
789,788,205.867
790,783,40.542
790,789,100.356
790,785,113.195
791,794,36.374
791,789,36.149
791,792,205.356
791,783,122.149
792,795,36.289
792,788,36.821
792,791,205.356
793,796,42.989
793,783,42.419
793,794,144.710
794,797,36.630
794,791,36.374
794,795,205.122
794,793,144.710
795,700,12.069
795,792,36.289
795,794,205.122
796,784,39.393
796,793,42.989
796,797,167.561
797,799,37.390
797,794,36.630
797,798,204.892
797,796,167.561
798,800,34.066
798,700,25.286
798,797,204.892
799,697,41.778
799,797,37.390
799,800,204.543
799,784,188.681
800,798,34.066
800,799,204.543
800,521,43.983
801,803,64.114
802,807,125.185
802,823,52.495
802,819,86.840
802,803,24.023
803,801,64.114
803,804,126.061
803,802,24.023
804,803,126.061
804,806,119.390
804,807,22.963
805,289,100.756
805,807,119.154
805,806,23.040
806,804,119.390
806,805,23.040
806,289,117.228
807,805,119.154
807,802,125.185
807,804,22.963
807,811,40.349
808,809,91.134
808,811,23.180
808,288,210.401
809,808,91.134
809,820,122.442
809,287,201.745
809,318,115.840
810,820,133.794
810,816,54.684
810,817,120.463
811,808,23.180
811,807,40.349
811,819,127.428
812,815,73.758
812,824,32.442
812,813,112.072
813,812,112.072
814,824,217.284
814,23,80.093
815,812,73.758
815,819,165.397
815,816,70.919
815,823,291.973
816,810,54.684
816,815,70.919
816,818,150.205
817,814,68.684
817,810,120.463
818,816,150.205
818,820,56.270
818,819,65.388
819,815,165.397
819,811,127.428
819,818,65.388
819,802,86.840
820,810,133.794
820,809,122.442
820,818,56.270
820,821,119.926
821,817,108.016
821,820,119.926
822,823,128.999
823,802,52.495
823,815,291.973
823,822,128.999
824,814,217.284
824,812,32.442
824,825,79.813
825,824,79.813
825,837,86.833
825,827,121.979
826,837,62.674
826,23,66.102
826,833,119.775
827,828,59.636
827,825,121.979
827,495,29.690
828,827,59.636
828,2847,60.001
828,836,187.246
829,2518,46.115
830,2844,26.091
830,2996,25.131
830,494,105.926
831,2845,25.655
831,2996,52.412
831,2907,17.616
832,833,58.441
832,2907,32.722
832,2848,107.412
833,826,119.775
833,832,58.441
833,835,60.705
834,24,77.290
834,2845,48.834
835,2849,53.655
835,833,60.705
835,836,56.049
836,837,63.025
836,835,56.049
836,828,187.246
837,825,86.833
837,826,62.674
837,836,63.025
838,839,124.586
839,776,30.512
839,2842,99.476
839,838,124.586
840,3063,58.503
840,776,309.846
840,841,46.276
841,842,98.300
841,840,46.276
841,844,93.700
842,2842,124.091
842,841,98.300
842,843,51.774
843,842,51.774
844,845,33.203
844,3062,28.185
844,841,93.700
845,846,68.725
845,844,33.203
845,848,59.179
846,845,68.725
846,850,62.051
846,847,122.713
847,851,43.144
847,853,99.420
847,846,122.713
848,845,59.179
849,850,59.036
850,846,62.051
850,849,59.036
850,851,92.398
851,2609,15.326
851,847,43.144
851,850,92.398
852,855,37.806
852,853,32.423
852,854,92.347
853,847,99.420
853,722,57.417
853,852,32.423
854,855,154.302
854,856,69.531
854,852,92.347
855,852,37.806
855,857,145.010
855,854,154.302
856,860,108.918
856,859,61.340
856,854,69.531
857,859,71.601
857,858,163.865
857,855,145.010
858,775,21.889
858,774,31.769
858,857,163.865
859,857,71.601
859,856,61.340
859,860,90.025
860,775,96.662
860,856,108.918
860,859,90.025
861,641,82.364
861,863,207.663
861,497,75.063
862,863,60.401
862,2832,32.399
862,720,66.341
863,861,207.663
863,722,47.485
863,862,60.401
864,877,80.817
864,865,48.834
864,505,132.555
865,2827,47.350
865,876,111.672
865,864,48.834
866,503,93.181
866,2827,3.923
866,872,41.577
867,2601,37.849
867,2600,32.989
867,501,77.421
868,871,36.351
868,674,43.647
868,869,148.957
869,868,148.957
869,675,32.575
869,1240,14.916
870,871,117.178
870,675,16.232
870,874,50.846
871,873,39.655
871,868,36.351
871,872,35.049
871,870,117.178
872,871,35.049
872,2833,141.493
872,866,41.577
873,677,73.533
873,871,39.655
873,874,83.534
874,873,83.534
874,676,23.870
874,870,50.846
875,876,37.730
875,678,39.540
875,2827,143.963
876,875,37.730
876,877,38.651
876,865,111.672
877,876,38.651
877,505,105.402
877,864,80.817
878,885,132.058
878,538,78.258
878,537,35.122
879,880,207.990
879,2602,50.683
879,882,38.492
879,538,44.396
880,501,49.787
880,881,46.156
880,879,207.990
881,880,46.156
881,884,46.620
881,882,223.548
882,881,223.548
882,1232,22.845
882,879,38.492
883,884,234.077
883,1228,46.985
883,1232,21.716
884,881,46.620
884,503,50.734
884,883,234.077
885,2601,45.530
885,878,132.058
885,890,14.891
886,892,49.456
886,894,35.052
886,2606,36.334
887,2606,40.476
887,500,340.812
887,2600,125.519
888,2605,11.844
888,890,55.349
888,889,11.195
889,888,11.195
890,2604,50.089
890,885,14.891
890,888,55.349
891,2605,44.805
891,2606,51.155
891,892,37.097
892,886,49.456
892,2604,45.850
892,893,35.240
892,891,37.097
893,895,31.869
893,892,35.240
893,894,49.354
894,901,22.968
894,886,35.052
894,893,49.354
895,893,31.869
895,896,49.959
895,897,84.036
896,897,32.183
896,901,9.212
896,895,49.959
897,898,30.089
897,896,32.183
897,899,57.198
897,895,84.036
898,536,38.556
898,897,30.089
898,899,86.514
899,900,17.878
899,897,57.198
899,898,86.514
900,899,17.878
900,910,8.050
900,912,18.673
901,896,9.212
901,894,22.968
901,906,20.146
902,534,16.331
903,915,76.409
904,534,34.663
904,910,27.222
904,2752,146.464
905,911,77.638
905,909,25.308
905,907,99.815
906,912,23.675
906,901,20.146
906,907,61.817
907,906,61.817
907,911,24.995
907,2998,13.972
907,905,99.815
908,911,25.194
908,910,61.774
908,909,80.487
909,908,80.487
909,905,25.308
909,2752,30.196
910,904,27.222
910,900,8.050
910,908,61.774
911,908,25.194
911,907,24.995
911,912,62.272
911,905,77.638
912,900,18.673
912,906,23.675
912,911,62.272
913,2752,60.445
914,915,85.765
914,938,182.551
914,916,76.392
915,914,85.765
915,922,144.344
915,903,76.409
916,921,199.399
916,917,69.959
916,914,76.392
917,919,215.016
917,549,89.081
917,916,69.959
918,921,13.542
918,922,14.334
918,920,76.481
918,919,70.602
919,917,215.016
919,550,93.787
919,918,70.602
920,918,76.481
920,539,16.704
920,1211,46.062
921,916,199.399
921,918,13.542
921,922,12.547
922,918,14.334
922,915,144.344
922,539,76.264
922,921,12.547
923,924,43.372
924,923,43.372
924,937,57.498
924,925,95.846
925,2841,10.493
925,924,95.846
925,548,64.526
926,927,61.800
926,930,33.647
926,2841,48.554
927,926,61.800
927,929,106.526
927,928,92.294
928,2891,23.379
928,927,92.294
928,941,114.804
929,548,74.500
929,941,82.725
929,927,106.526
930,926,33.647
931,2841,69.466
931,933,167.728
931,937,41.250
932,933,54.425
